title,rating,body,author,date
Cafetera tassimo,"1,0 de 5 estrellas",No funciona,puri guerrero,Revisado en España el 9 de agosto de 2024
Buena,"4,0 de 5 estrellas",Buena,Enrique Portela escribano,Revisado en España el 8 de agosto de 2024
La mejor de las cafeteras de cápsulases,"5,0 de 5 estrellas","Primero la compramos para casa y luego compré otra para regalar. Nos encanta la variedad de cápsulas que hay para esta cafetera y a buen precio, no como otras máquinas",Ana,Revisado en España el 29 de julio de 2024
Cintenta,"5,0 de 5 estrellas","Ya conocía, muy satisfecha con mi compra.",Adri🌹l,Revisado en España el 26 de julio de 2024
El cafe,"4,0 de 5 estrellas",La luz se apaga sola o hay q desenchufar o volver a darle al botón,I. CAMPOS,Revisado en España el 24 de julio de 2024
Muy rápido y muy bien,"5,0 de 5 estrellas",Perfecto,Maria Ramona Peña Bonasa,Revisado en España el 19 de julio de 2024
De las mejores,"5,0 de 5 estrellas","Sin duda, de las mejores máquinas de café que he probado. Buen café y rápida",Cliente Amazon,Revisado en España el 19 de julio de 2024
No me gusta,"1,0 de 5 estrellas",El café la marca buena pero tira mucho café gasta mucha agua,Cristina Garcia Simon,Revisado en España el 11 de julio de 2024
Buena,"3,0 de 5 estrellas",Ferfecta calidad precio cumple su funcion,cristobal jimenez santos,Revisado en España el 25 de junio de 2024
La mejor cafetera,"5,0 de 5 estrellas",La mejor cafetera de cápsulas. Lo malo es que no existen cápsulas de marca blanca.,Esteban,Revisado en España el 23 de junio de 2024
Fácil de usar sencilla de limpiar,"5,0 de 5 estrellas",Cafetera de capsulas Fácil de usar sencilla de limpiar,Carlos,Revisado en España el 20 de junio de 2024
Cafetera😍,"5,0 de 5 estrellas","Me encanta, es preciosa, y hace unos cafés de envidia 😉",Horten,Revisado en España el 18 de junio de 2024
Perfecta,"5,0 de 5 estrellas",Me ha gustado mucho y funciona de maravilla,Cliente Amazon,Revisado en España el 15 de junio de 2024
El vaso está roto,"1,0 de 5 estrellas",Esta defectuoso tiene el tanque de agua roto,Nicolás,Revisado en España el 13 de junio de 2024
Perfecta,"5,0 de 5 estrellas",Muy contento con ella y hace la funcion muy bien,Mio,Revisado en España el 12 de junio de 2024
Que desilusión,"1,0 de 5 estrellas","Con menos de dos años q tengo esta cafetera se me ha estropeado sin casi gastarla, uno o dos cafés al día alternos, no me vuelvo a comprar cafeteras de esta marca, además que no tiene cápsulas compatibles y en todos los supermercados no venden dichas cápsulas",Juan Jose martinez Exposito,Revisado en España el 10 de junio de 2024
Buen café con leche,"3,0 de 5 estrellas","Estoy enganchado a las cápsulas de café con leche tassimo, el resto de cápsulas no me parecen ni decentes, sobre la cafetera decir que han reducido el depósito respecto a las anteriores y hay que rellenarlo constantemente, apenas da para 4 u 5 cafes..El abrirlo para poner la capsula se hace ahora también más incomodo, es demasiado ancho y resbaladizo.. Vamos que esta mal diseñada, y tiene pinta de no durarme ni la mitad del modelo antiguo.Sobre las cápsulas aparte de caras hay poca variedad en los súper y si quieres variedad por Internet en la propia tassimo pero a precios aún mayores que en los súper y más gastos de envío... Por ahí se comenta de que no hay posibilidad de alargar o disminuir el café que echa por leer el código de barras pero no es así tanto puedes hacer un café más largo como más corto con la misma capsula solo hay que leer las instrucciones.",senna,Revisado en España el 5 de junio de 2024
Devuelto,"1,0 de 5 estrellas",La cafetera la e tenido que devolver no a funcionado se encendía y apagaba y de ahí no e conseguido que pase no hacía nada más y e seguido las instrucciones fracaso total con la tassimo,Ali,Revisado en España el 3 de junio de 2024
Super ofertas de Amazon,"5,0 de 5 estrellas","Me encanta el color, su calidad y la variedad de cafés que tiene la marca.
Lo tengo de una oferta flash y ahorré más de 40 euros que en otras webs
INCREÍBLE",rosana,Revisado en España el 20 de mayo de 2024
Excelente,"5,0 de 5 estrellas","Buena cafetera, buena calidad!! Excelente servicio de parte de Amazon!! Gracias",Susana Legaz Isaia,Revisado en España el 11 de mayo de 2024
Calidad,"4,0 de 5 estrellas","Me gusta el diseño me ha llegado hoy todavía no la he probado, pero estoy segura de la marca",Ana canarias,Revisado en España el 6 de mayo de 2024
No funciona,"1,0 de 5 estrellas",No funciona y quiero mi devolución,Cliente Amazon,Revisado en España el 1 de mayo de 2024
Buena,"5,0 de 5 estrellas",Por lo pronto va bien y me gusta esta marca y es facil de usar estoy contenta con la compra y el precio que tiene,Naomi garcia santana,Revisado en España el 18 de abril de 2024
"Difícil encontrar as cápsulas, doei a máquina","1,0 de 5 estrellas","Difícil encontrar as cápsulas, doei a máquina",Michelle L.,Revisado en España el 8 de abril de 2024
No funciona bien,"1,0 de 5 estrellas",La cafetera no funciona bien. Querría devolverla,maria,Revisado en España el 2 de abril de 2024
Cafetera Tassimo,"5,0 de 5 estrellas",Muy fácil de usar y no ocupa mucho espacio.,Marí@,Revisado en España el 31 de marzo de 2024
Práctico,"5,0 de 5 estrellas","Hace mucho ruido, no sé si ya del tiempo que la tengo o de que casi me la cargo, pero aun asi, me encanta!",Nela,Revisado en España el 28 de marzo de 2024
Muy buena,"5,0 de 5 estrellas","Funciona estupendamente,con un bonito y compacto diseño que ocupa poco espacio",Marta Z.,Revisado en España el 28 de marzo de 2024
Facil de usar,"3,0 de 5 estrellas",Me ha gustado que que pesa poco pero lo que no me ha gustado nada es que viene con enchufe inglés y tuve que comprar adaptador.,sagrario de la Torre Toro,Revisado en España el 21 de marzo de 2024
Bàsic,"1,0 de 5 estrellas",No funciona,Montse,Revisado en España el 7 de marzo de 2024
Buena,"5,0 de 5 estrellas",Calidad precio,Jose Antonio,Revisado en España el 5 de marzo de 2024
Calidad - precio,"5,0 de 5 estrellas",Llevo 2 años con ella y estoy encantada. Al principio notaba que hacía los cafés muy cortos pero luego descubrí que dejando pulsado el botón de encendido podía alargar el café hasta lo deseado. Sé limpia muy fácil y te avisa cuando hay que descalcificarla. La recomiendo,Elena,Revisado en España el 1 de marzo de 2024
Muy buena,"5,0 de 5 estrellas","El depósito del agua es algo pequeño, pero para el uso que le doy no importa.",Jesús,Revisado en España el 19 de febrero de 2024
Lo que esperaba,"5,0 de 5 estrellas",es una maravilla,JJVG,Revisado en España el 15 de febrero de 2024
Cápsulas carisimas,"1,0 de 5 estrellas","Tengo el modelo antiguo y solo me gustan las cápsulas de café con leche, ahora parece que las están dejando de fabricar aparte del precio descomunal que tienen y ninguna compatible con esta cafetera",Raquel,Revisado en España el 26 de enero de 2024
"Buena cafetera , pero cápsulas caras","4,0 de 5 estrellas",El café está muy bueno pero las cápsulas son de las más caras del mercado y hay pocas o ninguna de marca blanca compatibles,Isaac,Revisado en España el 11 de enero de 2024
El enchufe no es europeo y ha funcionado correctamente 6 meses,"1,0 de 5 estrellas","En la imagen sale enchufe europeo pero no lo es. En pocos meses ya no funciona como al principio, el agua sale templada y muy lenta. Decepcionada",ainhoa,Revisado en España el 7 de enero de 2024
Bueno,"5,0 de 5 estrellas",Si el café es muy práctico y bueno,Lily,Revisado en España el 1 de enero de 2024
Práctica,"4,0 de 5 estrellas","Buen producto, calidad precio la recomiendo, la misma en otros vendedores es más cara y con las mismas características, os recomiendo este vendedor👍🍾🥂",A.....A,Revisado en España el 22 de diciembre de 2023
Va muy bien!,"5,0 de 5 estrellas","Anteriormente tenía una pero después de tanto uso en casa, decidí comprar otra, tiene mucha variedad de cafés, tés, sabores en general. Volveré a comprar otro si se me llega a romper. Es muy útil para el día a día, se hace súper rápido. Muy recomendable. ❤️",Mary,Revisado en España el 19 de diciembre de 2023
¿Un café??☕,"3,0 de 5 estrellas","Es fácil y hace un café perfecto gracias a los códigos de barras en las cápsulas que le informan de qué tipo de bebida se trata y utiliza el agua exacta para cada una. Lastima que no es fácil encontrar las bebidas aparte del café con leche y el capuchino,no hay compatibles prácticamente y de marca blanca hay menos aún.",Conchi,Revisado en España el 16 de diciembre de 2023
Buen cafe,"5,0 de 5 estrellas",De las mejores del mercado,Cliente Amazon,Revisado en España el 14 de diciembre de 2023
Correctísimo,"5,0 de 5 estrellas",Pedido correcto con la descripción,Patricia,Revisado en España el 11 de diciembre de 2023
Pequeña,"5,0 de 5 estrellas","Pequeña ocupa poco, fácil de usar para mi perfecta",Tony,Revisado en España el 27 de noviembre de 2023
Compacta y silenciosa,"5,0 de 5 estrellas","Venía de usar una Krups de otra marca de café. Me compré esta para tenerla en otra vivienda y ha sido un acierto. Al final me quedo con esta y me llevo la otra. Es muy sencilla de usar. Solo abrir, colocar la cápsula y pulsar el botón. Se enciende y apaga sola. El depósito de agua tiene un imán flotante que hace que sea imposible que te quedes sin agua cuando vas a preparar una bebida, ya que solo flota si tiene el agua mínima para prepararlo. Con la otra que tenía me pasaba muchas veces que a mitad de elaboración se queda sin aguan. Buena compra, me alegro del cambio.",Raul P,Revisado en España el 18 de noviembre de 2023
Muy bonita,"4,0 de 5 estrellas","La cafetera es muy bonita ,pero sale poco café , muy medido y me gusta un café más largo ,la devolví porque no salía mucho café y las cápsulas de tassimo son carísimas , nos gusta un café conmas cantidad y incluso con leche no llena un vaso ,que pena",Chus,Revisado en España el 15 de noviembre de 2023
Zero de reseñas,"1,0 de 5 estrellas",Se me ha roto ensegida un produto muy malo,brancourt,Revisado en España el 13 de noviembre de 2023
Perfecta,"5,0 de 5 estrellas","Buena máquina. De momento. Es la primera vez que compro esta marca. Las otras se estropean en un año. A ver qué tal funciona.
Entrega muy rápida. Bien protegida.",Eva F.,Revisado en España el 5 de noviembre de 2023
Veremos...,"3,0 de 5 estrellas","He recibido la cafetera hoy con l caja rota, no la he probado aún, espero que funcione correctamente",laura,Revisado en España el 3 de noviembre de 2023
Café,"4,0 de 5 estrellas","La cafetera súper bien , pero no vino en la caja original y no trajo instrucciones de uso ,me llamo la atención porque nunca me había pasado y de todos los comentarios que he visto todas tenían la caja original y las instrucciones pero de momento funciona bien .",flavia Núñez,Revisado en España el 2 de noviembre de 2023
No pude hacer ni un cafe,"2,0 de 5 estrellas","Vendría mal me la trajeron el domingo no pude hacer ni uno.El lunes me trajeron una cafetería dolce gusto que cancele y la probe y a la primera un cafe buenísimo hoy seur se ha llevado la cafetera bosh no fusionada intente cancelar pedidos de capsulas massimo, sin cafetera no hay café y tengo la casa llena de cápsulas maasmo vaya ruina las tendré que tirar
No es justo",Marife Marijuan,Revisado en España el 31 de octubre de 2023
La mejor en cápsulas,"5,0 de 5 estrellas","Es la segunda que compro para regalar, ya que despues de tener dolcegusto y demas, al probar esta maquina tassimo, tanto por simpleza, limpieza y variedad también en bebidas, es para mí, sin duda, la mejor cafetera de cápsulas",jesus DR,Revisado en España el 28 de octubre de 2023
La recomiendo,"5,0 de 5 estrellas",Me encanta esta cafetera,Eva maria,Revisado en España el 28 de octubre de 2023
Muy buena cafetera,"5,0 de 5 estrellas",Muy buena calidad,Maria Isabel,Revisado en España el 13 de octubre de 2023
Que es el único que tiene chocolate y qu bueno está,"4,0 de 5 estrellas","Principalmente porqu es la única máquina que hace chocolate, como no tomo café pues para mí la cuenta",Loli,Revisado en España el 12 de octubre de 2023
Me encanta,"5,0 de 5 estrellas",Es. Espectacular,Muy buena,Revisado en España el 8 de octubre de 2023
"Precio, calidad","5,0 de 5 estrellas","Me ha gustado el tamaño, el precio y que es automática. Lee un código que viene en la cápsulas y sale la cantidad justa.",Francisco,Revisado en España el 25 de septiembre de 2023
Excelente,"5,0 de 5 estrellas","Había comprado esta cafetera para regalar a mi amiga pero cuando me enteré de que mi amiga ya tenía una igual que está me he puesto en contacto con atención al cliente para solicitar la devolución y la he devuelto y mi han devuelto mi dinero.

Estoy muy contenta con Amazon.",Ikram,Revisado en España el 22 de septiembre de 2023
Cumple su función.,"4,0 de 5 estrellas",Calidad precio.,Diego Pérez.,Revisado en España el 10 de septiembre de 2023
"TASSIMO HAPPY, TAS1003","3,0 de 5 estrellas","Hemos tenido Tassimo Happy, TAS1003 durante un mes. Al principio estábamos muy felices. El café sabe bien. Las cápsulas son más caras que otras, pero está bien. Hemos tenido algunos problemas para abreviar. De vez en cuando la máquina de café no comienza. La última vez que probamos 10 minutos y luego nos rendimos. Al día siguiente funcionó normalmente. Todavía estoy esperando y si ella continúa causando problemas, la envío de regreso a Amazon.",Claudia,Revisado en España el 9 de septiembre de 2023
La comodidad y rapidez,"4,0 de 5 estrellas",Para hacer café,Cliente Amazon,Revisado en España el 6 de septiembre de 2023
Una porquería,"1,0 de 5 estrellas","En dos meses la he utilizado 5 veces contadas . Ha funcionado 2 veces , el resto las cápsulas a la basura, que no son nada baratas, porque solo las lee cuando quiere. Estoy a la espera de que me conteste el servicio técnico",Sussan,Revisado en España el 3 de septiembre de 2023
Muy práctica,"5,0 de 5 estrellas",Muy Práctica,Jose,Revisado en España el 2 de septiembre de 2023
Cafe....cafe,"5,0 de 5 estrellas",Solo puedo decir que su café es exquisito,margarita,Revisado en España el 31 de agosto de 2023
"Lo que estaba buscando, pequeña y bonito diseño","5,0 de 5 estrellas",Es tal y como viene en la fotografía,Marietta,Revisado en España el 18 de agosto de 2023
No es lo que ofertan,"1,0 de 5 estrellas","Se devolvió , porque ponen foto de máquina en color rosa y luego viene en otro color.",Josema,Revisado en España el 18 de agosto de 2023
Que sale bien caliente,"5,0 de 5 estrellas",Es fácil limpieza el cafe sale muy caliente excelente,Muy buen producto,Revisado en España el 10 de agosto de 2023
Duradera,"5,0 de 5 estrellas",Esta muy bien,Madrid,Revisado en España el 7 de agosto de 2023
Conveniente,"5,0 de 5 estrellas","Fácil de usar, fácil limpieza y exelente desempeño.",Jeff,Revisado en España el 5 de agosto de 2023
Enseguida de enciende la luz de cal,"3,0 de 5 estrellas",A la semana se me encendió la luz de la pastilla de la cal,Chuchi,Revisado en España el 27 de julio de 2023
Cafetera,"5,0 de 5 estrellas",El servicio que presta y la prácticidad. Excelente,Rubén A.,Revisado en España el 26 de julio de 2023
Buen artilugio,"1,0 de 5 estrellas",Buena cafetería le doy 1 estrella!,bob esponja,Revisado en España el 22 de julio de 2023
q funciona bien,"5,0 de 5 estrellas","q hace buen café, y no el precio d las pastillas para limpiar la cal muy caras",Juan,Revisado en España el 17 de julio de 2023
Me encanta,"5,0 de 5 estrellas",Me gusta mucho q no es gramde y muy fácil de utilizar .lo q no q las cápsulas son muy caras,Nela,Revisado en España el 16 de julio de 2023
"Monisima no, lo siguiente!!!","5,0 de 5 estrellas","Me ha encantado, lo mejor el precio a la que la he comprado!!!!, buena máquina robusta, queda super kuki puesta.... va con las capsulas tassimo.",PPA,Revisado en España el 16 de julio de 2023
Cafetera práctica y diseño bonito,"5,0 de 5 estrellas","Precio, calidad.",Miguel,Revisado en España el 13 de julio de 2023
Practico,"5,0 de 5 estrellas","Super practica la maquina. Es pequen~a, facil de limpiar, y hay muchas opciones de cafe para escojer. Perfecta para el proposito que la he comprado!",Vanessa,Revisado en España el 13 de julio de 2023
Horrible,"1,0 de 5 estrellas",La maquina llego mala no me funciona y sin manuals,Roger Granados,Revisado en España el 11 de julio de 2023
diseno elegante,"5,0 de 5 estrellas",Muy practica,Francisco Javier fontans A lvarez,Revisado en España el 8 de julio de 2023
Calidad,"5,0 de 5 estrellas",Buen producto,PABLO ROLDAN,Revisado en España el 7 de julio de 2023
Cómo indicaba,"5,0 de 5 estrellas",Cómo indicaba,Carlos Mañas Arcones,Revisado en España el 6 de julio de 2023
Precio de oferta imbatible,"5,0 de 5 estrellas","Me gusta todo, pero no tiene cápsulas de marca blanca y resultan algo más caras que otras del mercado.",ascension rivas vazquez,Revisado en España el 3 de julio de 2023
Duran exactamente 2 años y se rompen...,"1,0 de 5 estrellas","Duran exactamente 2 años y se rompen... ya es la segunda que compro y que le pasa exactamente lo mismo, a los dos años y 25 dias rota",Carlos Rodríguez,Revisado en España el 28 de junio de 2023
Después de 2 años,"5,0 de 5 estrellas","Sigue funcionando como el primer día, con el tiempo los cafés van cogiendo incluso mejor sabor. 100% recomendado.",Francisco J,Revisado en España el 26 de junio de 2023
"Muy contento, muy práctica, fiable y duradera","5,0 de 5 estrellas","Muy contento, muy práctica, fiable y duradera",Cliente de Kindle,Revisado en España el 25 de junio de 2023
Lo más importante es que es ecologico,"5,0 de 5 estrellas","Me encanta el diseño y el color, puedes tomar, varios tipos de bebidas, café para los adultos y chocolate oreo para los niños, como otras opciones y tienes la posibilidad de comprarla con las cápsulas de silicona y usar el café que más os gusta, evitando utilizar cápsulas.",SANDRA,Revisado en España el 23 de junio de 2023
Cafetera bosch,"5,0 de 5 estrellas","Funciona bien y es muy simple, pero hace un café solo con las cápsulas de tassimo, NO acepta otras que yo sepa .",Isabel,Revisado en España el 23 de junio de 2023
Cafetera polivalente,"5,0 de 5 estrellas",Realmente es muy buena cafetera y con un bonito diseño. Hace buen café de manera rápida y sencilla,Cliente Amazon,Revisado en España el 23 de junio de 2023
Buena cafetera... Pero da problemas.,"4,0 de 5 estrellas","La cafetera muy bien. Económica, no las cápsulas son las más caras. Pero el café y las bebidas que hace muy ricas. Lo malo es que la compre en diciembre. Y ya se enciende la luz de la cal. Compré las pastillas tassimo que valen 15 euros y sirven para 2 veces. Hice el proceso y se sigue encendiendo... Me dicen que use las otras 2 pastillas... Y se apagará la luz. Y eso cada seis meses... 15 euros por descalificación para seis meses. Carísimo... Decir que también en algunos cafés la cantidad que echa es irrisoria...",fer,Revisado en España el 22 de junio de 2023
Recomendado!!!!,"5,0 de 5 estrellas","Tengo un mes con esta máquina tassimo Happy y estoy satisfecho con ella, soy un bebedor de caffe fuerte y si es tu caso como el mío recomiendo utilizar esta máquina con cápsulas reutilizables de 220ml para obtener una bebida agradable.....la limpieza y mantenimiento de esta máquina es muy fácil y escaso....",EGrau,Revisado en España el 18 de junio de 2023
Buena cafetera,"5,0 de 5 estrellas",Buena relación calidad precio.,ROBERTO,Revisado en España el 11 de junio de 2023
Excelente,"5,0 de 5 estrellas","Buenísima, el café excelente, lo único es que no se puede regular la temperatura y que no hay cápsulas compatibles que no sean de su marca.",Juan Antonio,Revisado en España el 9 de junio de 2023
2 defectuosas,"1,0 de 5 estrellas","La primera máquina no funcionaba la segunda que me mandaron funcionó 10 o 12 cafés y se estropeó, como siempre Amazon resolvió y me devolvieron el dinero, ahora he comprado otra pero otro modelo a ver si tengo más suerte",daniel,Revisado en España el 26 de mayo de 2023
Cafetera fácil de usar,"5,0 de 5 estrellas","Hace un año que la compré en oferta y estoy muy contenta con la cafetera, es fácil de utilizar, diseño bonito, no es tan ruidosa como otras y tiene café, chocolate y té de marcas.
Una de las desventajas es que no hay Capsulas compatibles.
Las capsulas que no me pueden faltar y recomiendo: toffee nut latte - caramelo (vídeo), cappuccino (L'or), Milka, latte macchiatto (L'or)
El paquete llegó rápido y en perfecto estado.
Ideal para regalo.

Espero que la reseña os sea de utilidad. 😉",Minerva,Revisado en España el 5 de diciembre de 2020
Preso de sus Cápsulas,"3,0 de 5 estrellas","👀
Una buena cafetera, con una buena marca de café. La cafetera está bien ensamblada. La bandeja porta tazas se puede ajustar a varias alturas.

👍
El uso es sencillo, levantas, metes la cápsula, haces un poco de fuerza para abrir un hueco en la cápsula (esto es lo que menos me gustas, con respecto a otras cápsulas de otros formatos) y le das al botón.

Aunque este tipo de cafeteras, o más bien de cápsulas, según el código de barras, ya tienen programado el tiempo o cantidad de agua que pasa por la cápsula, se pueden cortar antes o volverle a dar.

El café casi notable, y la cefetera un bien, cumple y la estética no está mal. Poco ruido, buenas instrucciones, aunque es facilísimo, y material de plástico pero de calidad.

👎
Con el tiempo da problemas el lector de cápsulas, tienes que estar pendiente para limpiarlo.

Al solo poder usarse una marca, pues están patentadas, no existe competencia ni en calidad ni precio. Por tanto, es una desventaja.

El sistema.a es el mismo que el muchas máquinas que usan consumibles personalizados, en este caso, las cápsulas son los consumibles.

👋
Esta opinión recoge las características del producto a simple vista, y mi opinión personal en función del uso que yo le he dado. Si tienes alguna duda, haz una pregunta, y si me llega, y conozco la respuesta, la contestaré gustosamente.

He intentado exponer la máxima información sobre el producto, para que tú puedas tomar la mejor decisión de compra.
Lo que no sé, es si lo habré conseguido... 🤔

Gracias.",JoseMa,Revisado en España el 19 de septiembre de 2019
Cafetera bonita,"4,0 de 5 estrellas","El diseño de la cafetera y su color son bonitos. La compré por 26 euros en una oferta, lo único que no tuve en cuenta fue el precio de las cápsulas, que me parece bastante elevado en comparación con otras marcas (en torno a 5 euros el paquete de 16 cápsulos) y se le añade el handicap de que solo se pueden usar las originales al llevar un lector de código de barras que identifica cada producto.

Como datos positivos decir que es muy rápida y no hace demasiado ruido, nada que ver con la Dolce Gusto que tenía anteriormente que tardaba el doble en calentar y hacía mucho más ruido. Me encanta que sea automática y no haya que estar pendiente para pararla. Por ese precio es de lo mejor que he encontrado.

El café me sabe igual que el de cualquier máquina de cápsulas, ni mejor ni peor, hay un montón de variedades para elegir, incluso bebidas que no son café pero que todavía no he probado.

Le daría un 8 sobre 10.",Eltharion,Revisado en España el 13 de diciembre de 2018
Hace un café bueno y caliente,"5,0 de 5 estrellas","Hace años que tengo una Tassimo, pero hace un tiempo que pierde agua, aúnque por lo demás sigue funcionando. Así que he aprovechado la oferta flash y he comprado este modelo, que para mi gusto es preciosa en este color. La única pega es que los depósitos de agua de las nuevas son pequeños, al contrario de la antigua que le cabian 2 litros de agua. Pero bueno no es importante, es cuestión de rellenarlo y ya está.
Estas cafeteras Tassimo son una maravilla, pues lee el código de barras y no tienes que estar pendiente de pararla. Echa la cantidad exacta de agua. Pero tiene la opción de hacerlo más cargado menos. Solo es cuestión de pararla si lo quieres mas fuerte, o seguir apretando el botón para hacer el café más largo. Es muy fácil de usar.
La he recibido hace un par de horas, y ya me he tomado el primer café.
Las cápsulas son caras, es verdad. Pero más caro es hacerse un café en la cafeteria.
Si se le hace el mantenimiento, se descalcifica cuando lo pide, puede durar muchos años.
Para mi es un 10 en cafeteras.",Loren I.,Revisado en España el 16 de noviembre de 2022
UN CAFÉ DE FÁBULA,"5,0 de 5 estrellas","Cafetera muy buena hace muy buen café estoy contentísimo con ella ya que es una pequeña cafetera que te recuerda el café de un bar, lleva un depósito muy pequeñito pero lo suficiente para hacerte 4 cafés, sencilla de usar un solo botón para arrancarla y si no quieres mas cantidad de agua en la taza vuelves a apretar el botón para pararla.
Es la primera cafetera de cápsulas que uso y no tengo ninguna pega estoy encantado con el sabor del café por ponerle pegas la única y bastante importante es que las cápsulas son exclusividad quiere decir que no hay copias no hay cápsulas de otras marcas ni otros fabricantes nada más que las marcas autorizadas por Bosch ya que llevan un código de barras impreso en cada cápsula que la máquina lee, sin ese código de barras sería imposible que la máquina funcionará.
La cápsula lleva impreso un código de barras la máquina reconoce ese código de barras de cada cápsula y trabaja de diferente manera según sea el tipo de café da más presión o menos presión
La pega principal es que no hay cápsulas piratas por así decirlo tiene exclusividad con varias marcas de café pero no hay cápsulas que sean por ejemplo de supermercado Dia hacendado Carrefour Alcampo etc...
Por lo demás magnífico",David,Revisado en España el 21 de noviembre de 2019
Jope 3 días en casa y aún no sé meter la cápsula,"3,0 de 5 estrellas","La tengo tres días en casa y aún no sé cómo meter una cápsula. Viene con unos seis libros y libritos de instrucciones (en serio, no exagero), y, tras mirar los dibujos de uno, solo he conseguido sacar algo así como una ¿tapa? de un compartimento secreto en el pie de la cafetera. Todo apunta a que voy a tener que leerme de verdad las instrucciones COMPLETAS para lograr meterle una cápsula.
Sospecho que la ""tapa"" que he encontrado es algún tipo de engranaje que activa la preparación del café.
En serio, queridos diseñadores, ¿era necesario darle el mismo nivel de dificultad a meter la cápsula que penetrar a una pirámide?
Hablando claro, a mí el café no me apasiona por su sabor, pero lo necesito para Ser Persona. Así que, con toda la flojera del mundo, debo enfrentarme al reto de introducir una cápsula en la máquina y temo que no lo conseguiré jamás si no me voy antes a tomarme un café al bar.
En fin, os cuento más cuando la abra y haga funcionar. Voy a ver si hay vídeos YouTube al respecto. Porque esa es otra: queridos hacedores de instrucciones, lo bueno si breve dos veces bueno. ¿Cómo me meten seis libretos con la cafetera? ¿Ahora dónde los guardo? ¿Habilito una estantería de la biblioteca? Estoy segura de que Marie Kondo me diría que los tirara, pero si es tan difícil hacer el café, imaginad que un día debo cambiar el filtro y he perdido el guion... Oye, que los de Ikea te dan cualquier mueble despiezado con UNA HOJITA de papel y la llave alen. ¡Héroes!
Las instrucciones de la cámara de fotos y las del vídeo panasonic aún las tengo pendientes en el baño, pero como me urge lo de tomar café, mañana intentaré darle un empujón a estas. Ese hexágono del compartimento secreto es la llave de algo, lo presiento. Y como lo sea, lo perderé, también lo presiento. Espero que luego la pieza de recambio hexagonal no cueste 270€.",Isabel Cerezo,Revisado en España el 21 de diciembre de 2018
Me encanta!!! 😊,"5,0 de 5 estrellas","Es preciosa el color no es rosa ni fuxis es como boganvilla tirando a moraito, es un color ke me encanta hace un café súper bueno con su espumita... Antes tenía la doce gusto y comprando la las dos son buenas... Esta calidad precio me a solprendido ya que es más económica y el café sale con bastante espumita y bien caliente... La verdad estoy muy contenta, si hay ke poner una pega... La única pega ke podría poner es que solo hay cápsulas de la marca que tassimo... No hay otras marcas más económicas ke hagan este tipo de cápsula y eso hay te tenerlo muy en cuenta su decides comprar una tassimo. Si sabes que te da igual gastar sobre 5€ por tu café 1 euro más que dicegusto... Adelante porke están rikisimos 😊",Verónica,Revisado en España el 25 de octubre de 2021
SIN BOTON DE ENCENDIDO!!,"4,0 de 5 estrellas","La cafetera es de reducido tamaño. Bonito diseño, y conjunto a muy buen precio pero no tiene botón de encendido, se debe desenchufar. Café muy bueno y fácil de hacer, con mas de 40 tipos diferentes de café o té de varias marcas . El escaner de la cafetera detecta por el código de barras en la cápsula, la cantidad y temperatura del café necesaria. El deposito tiene una capacidad de 0.7L. Es facil y rápido de limpiar, sin deposito de capsulas, por lo que cuando quieras hacer un cafe debes retirar la capsula anterior. Se puede ajustar también la altura de la base.",VlcEim,Revisado en España el 23 de julio de 2021
No recomiendo,"4,0 de 5 estrellas","El café no sale suficientemente caliente, es una pena, y no es que me guste hirviendo.
Además las cápsulas por las nubes ya no merecen la pena ni para una persona.",Fran,Revisado en España el 18 de abril de 2023
No me puedo quejar,"4,0 de 5 estrellas",La he comprado en descuento a un precio de regalo (26 euros) y la verdad que por ese precio no puedo pedir más. No la pagaría el precio que tiene normalmente. De igual manera estoy contento con la compra.,Alfredo,Revisado en España el 19 de febrero de 2023
Muy sencilla de utilizar,"4,0 de 5 estrellas","Lo mejor es que depende que cápsula introduzcas lo saca a la temperatura que considera óptima y lo peor es que eso no se puede modificar, y no quiere decir que esa temperatura sea la que le agrade a quien se lo vaya a tomar.",Victor,Revisado en España el 6 de enero de 2023
Buena promoción,"4,0 de 5 estrellas",La adquirí con una buena promoción para usar como cafetera en un segundo domicilio. No he encontrado cápsulas compatibles en los establecimientos habituales y el precio de las cápsulas es un poco más alto que el de otras marcas. Funciona muy bien. Para uso esporádico puedes darte el capricho. El café sale muy rico.,N.D.f.m,Revisado en España el 13 de noviembre de 2022
Caliente caliente,"4,0 de 5 estrellas","Por el precio está bien. Aunque le falta poder regular el calor, sale tan caliente q tengo q esperar 10 min para poder beberlo",Cliente de Kindle,Revisado en España el 11 de abril de 2023
Estupenda calidad-precio,"5,0 de 5 estrellas",Me he decidido a cambiar de marca por esta atractiva oferta económica de cafetera+cápsulas y porque la nueva Nespreso sale al mercado cons cápsulas demasiado exclusivas para mi. Estoy muy satisfecha con la cafetera Bosch: súper fácil de utilizar y con un sistema de limpieza que puedes realizar incluso a diario. Recomiendo ver algún tutorial en YouTube si os quedáis con alguna duda en el arranque. Además su diseño es muy chulo y el color rojo-Negro queda genial en mi cocina,Marta,Revisado en España el 4 de enero de 2023
Cafetera,"4,0 de 5 estrellas","El producto llegó en perfecto estado, tuve un problemilla con el sabor de café durante dos dias me salió mal de sabor, “aguachao” y la limpiaba pero nada igual, luego mi pareja que no sé qué le hizo la arregló y ahora sale un café exquisito muy bueno, he comprado toda clase de café en la página oficial de tassimo y lo recomiendo totalmente",Elizabeth Domínguez,Revisado en España el 14 de julio de 2022
Buena Cafetera,"5,0 de 5 estrellas","Es una buena cafetera, hace el café muy bueno. Como muestro en el vídeo, es sumamente fácil de hacer. Para limpiar la la cafetera cuenta con una cápsula naranja, va en una ranura debajo de la máquina, hay que poner la cápsula naranja y encenderla dejando el botón presionado varios segundos para que haga una limpieza hasta vaciar el tanque tal como indica el fabricante.
He probado diferentes capsulas de Tassimo, y por cada cápsula la máquina está programada para hacer una cantidad determinada de café.
Sin duda es una buena compra, la única pega que le veo es que hay que usar las cápsulas Tassimo, porque de momento no hay marca blanca que sean más económicas, supongo que es porque están patentadas con el Código de barra pero el café es muy bueno.",David Criballes,Revisado en España el 22 de agosto de 2021
Estoy encantada.,"5,0 de 5 estrellas","Soy usuaria de Tassimo desde hace años. Me regalaron, cuando salió, una Tassimo T20, he comprado ésta cafetera por capricho, porque la anterior aún funciona, sí, es así de buena, después de años funciona como el primer día. De ésta destaco lo compacta que es, ocupa menos que la que tenía; el depósito de agua es más pequeño pero infinitamente más fácil de limpiar y llenar que el de la antigua; su uso es facilísimo, muy sencillo, enchufas, metes cápsula y le das al play, no tiene más misterio. Si le tengo que poner una pega es que éste modelo no tiene interruptor de encendido/apagado, o la enchufas o la desenchufas, pero a parte de eso es perfecta. Si me dura tanto como la otra ya no le puedo pedir más.",Sara,Revisado en España el 10 de diciembre de 2020
No se si he comprado una cafetera o una impresora,"2,0 de 5 estrellas","No es mala elección, el gancho del precio es bueno, pero amigo, cuando toca buscar capsulas es cuando tenemos el problema. No hay compatibles (por buscar variedad) en los supermercados solo hay sota caballo y rey, no busques capsulas para desayuno XL, o alguna capsula de chocolates, porque si o si vas a tener que pedirlas por internet, son mas caras que las de Nescafe Dolce Gusto (Creía que las capsulas del Dolce Gusto eran mas caras y todo lo contrario, hay mas variedad y a precios mas baratos y hay compatibles) No es configurable, la capsula la lee la maquina y siempre va a ponerte el cafe justo, no puedes decirle que el café sea un poco mas largo, por lo que hay que comprar capsulas diseñadas para una cantidad mas grande si un día quieres un café mas largo. No se, el café que hay está muy bueno porque siempre estas usando marcas conocidas pero me recuerda mucho a los cartuchos de las impresoras cuando te ponen pegas para usar compatibles. No obstante existen capsulas para recargar que solventan este problema, pero lo veo mas engorroso y los resultados no van a ser los mismos.",J T,Revisado en España el 2 de diciembre de 2022
La facilidad de uso,"5,0 de 5 estrellas","Es fácil de armar y de limpiar, si que el proceso inicial es un poco tedioso, pero por el precio si la pillas de oferta, merece la pena, no se recomienda usarla con otros líquidos como leche. Las capsulas recomiendo comprarlas por otro sitio diferente a amazon, básicamente porque tienes que pillarlas de 5 en 5, y como no te guste el sabor la has liado. En general bien y tienes un cafe en menos de un minuto.",gabriiii,Revisado en España el 5 de octubre de 2022
Su precio,"4,0 de 5 estrellas","Como soy muy cafetero, la crema es una parte muy importante para mi. Esta cafetera no consigue este detalle. Ahora cambiaré las cápsulas, a ver si hay mejor crema.",CARLITOS CARLANGA,Revisado en España el 10 de diciembre de 2022
Buena cafetera pero las cápsulas caras,"4,0 de 5 estrellas","La compré a menos de 25€ en una oferta. Calidad precio genial, pero luego es verdad que las cápsulas son caras y no encuentro ningunas de marca blanca. Pero por lo demás está muy muy bien.",Paula O.,Revisado en España el 12 de octubre de 2022
Cafetera Inteligente,"4,0 de 5 estrellas","PUNTOS POSITIVOS:
-Los cafés que hace la máquina están buenísimos.
-Cuenta con diferentes alturas que puedes usar a tu gusto dependiendo de como quieras el café y donde lo quieras.
-El gasto de agua en relación al café es mínimo.
-Es portable ya que pesa muy poco.
- Tiene innumerables tipos de cafés.
PUNTOS NEGATIVOS:
-No existe marca blanca para poder abaratar los costes de cápsulas, lo que hace que las capsulas de esta cafetera sean únicas para que nadie pueda copiarlas.
-Si no está enchufada tarda un poquito en calentar el agua para hacer el café.",Jose manuel bandera montesinos,Revisado en España el 9 de diciembre de 2020
Defectuosa pero funciona,"3,0 de 5 estrellas","El producto me ha llegado y nada más sacarla de la
Caja me he dado cuenta de lo que aparece en la imagen; una raja desde abajo hasta arriba por la parte de dentro en el depósito de agua.

He probado y de momento no deja salir el agua hacia fuera, el café lo hace igualmente y funciona bien.

He leído que esto se debe a un defecto de fabricación de la marca y que hay muchas que vienen así, me ha tocado a mi esta vez.

No estoy contento comprando un producto defectuoso por su precio original y que no se advierta en ninguna parte, a parte de ello, solo he probado a hacer la limpieza y hacer el primer café y he de decir que sale bien, un poco ruidosa pero está bastante más bueno que el de otras marcas que he tenido anteriormente.

De momento estoy satisfecho con la calidad del café y las prestaciones que nos brinda esta máquina de Bosch.",Angel Barriga,Revisado en España el 15 de julio de 2021
Calidad,"4,0 de 5 estrellas","La compre porque la anterior ya tenía 7 años conmigo. Funciona perfecta. Por poner una pega, depósito de agua algo pequeño.",roberto,Revisado en España el 8 de enero de 2023
Recomendado,"4,0 de 5 estrellas","Se nos rompió la anterior, y encontramos esta en oferta, funciona genial.",Marc,Revisado en España el 28 de enero de 2023
Muy bonita,"5,0 de 5 estrellas","Muy bonita la Rosa y el cafe perfecto, muy sencilla de utilizar.
Vino muy rápido el envío bien empaquetada.
La verdad es que he probado distintas cafeteras de este tipo y la verdad es que me ha sorprendido porque está en concreto hace un café buenísimo la pega que le pondría es que las cápsulas son caras pero bueno buscando un poquito en Amazon la verdad es que puedes encontrar algunas de oferta con lo cual recomiendo este tipo de cafetera porque la verdad es pequeña ocupa muy poquito y el café realmente bueno. Compro el café extra largo porque así tengo para dos veces",Erzuly,Revisado en España el 10 de julio de 2021
Muy sencilla y fácil de usar.,"4,0 de 5 estrellas","Era para mi madre, és muy sencilla y pequeña, perfecta para una persona y se apaga sola cuando no funciona.",Catalina M.,Revisado en España el 11 de diciembre de 2022
Sabor estupendo y muy caliente,"5,0 de 5 estrellas","Es la primera que tengo, me sorprendió el buen sabor del café y la intensidad, que se adapta a cada cápsula y además que puedes añadir un poco más de agua solo pulsando el botón para adaptar la bebida a tu gusto. Sale muy caliente, lo que se agradece mucho en días de frío. Estoy encantada.",Mary,Revisado en España el 7 de enero de 2023
Buena cafetera pero café suave,"4,0 de 5 estrellas",Es una buena cafetera si lo compras en oferta pero no hay cápsulas en todos los supermercados y solo hay de marcas que son muy caros no hay marcas blancas,JA,Revisado en España el 28 de septiembre de 2022
Cafetera eficiente,"4,0 de 5 estrellas","Lo primero es que la cafetera vino sin embalaje de Amazon,solo en la caja de la cafetera, previamente tuve problemas con el envío.
La cafetera funciona bien pero con el sistema que lleva de lectura de código no puedes utilizar otro tipo de cápsulas,que no sean las originales de tassimo.
Pero hace un café bueno.",Nati V.,Revisado en España el 5 de diciembre de 2021
"Busqué Nespresso,Ordené€&ESTAFAN","4,0 de 5 estrellas","!!! Busqué NESPRESSO ordené precio y compré con 160 cápsulas de TASSIMO. La ""cafetera"" funciona muy a bien, HACE DISOLUCIONES de CAFÉ y está bien pensada. TASSIMO no es Nespresso, pero hace unos cafés de Marcilla buenos.

La máquina funciona por ahora, solo necesito acostumbrarme a esta máquina TASSIMO que hace bebidas bien estudiadas y buenas, aunque el sabor de que tomas NESCAFÉ, que me gusta, pero yo lo consumía con leche... En fin, TASSIMO debe convencerme, viniendo yo de Nespresso, aunque LA MÁQUINA DE BOSCH FUNCIONA MUY BIEN, MUY BOSCH.",Rasec_Es-EU,Revisado en España el 23 de septiembre de 2020
Una cafetera económica,"5,0 de 5 estrellas","La adquirí en una muy buena oferta y al sustituir la anterior es cuando comprobé que: o bien a la vieja ya le hacía falta el cambio o bien ésta hacía mejor los cafés. Ocupa poco espacio y tiene varias opciones de colores. Sin oferta no hubiera adquirido esta cafetera por que me parece que a su precio normal hay mejores opciones. Es una cafetera simple, que hace su función descrita sin más",raul,Revisado en España el 27 de mayo de 2022
No me gusta,"4,0 de 5 estrellas",Me ha gustado el sabor del café no me ha gustado el funcionamiento de la maquina,mari diaz,Revisado en España el 6 de diciembre de 2022
Me encanta mi cafetera,"5,0 de 5 estrellas",Hace ya tiempo que la tengo y no puedo estar más contenta. La compré en el confinamiento porque yo iba al bar a tomar café todas las mañanas y ya no podía. Hace muy buen café y es muy sencillo su manejo. Feliz con mi compra,Isabel,Revisado en España el 11 de diciembre de 2022
Buena cafetera a muy bien precio,"5,0 de 5 estrellas","Llevo años utilizando varias cafeteras de distintas marcas. Y esta hace un café bastante bueno. Es cierto que solo puedes utilizar sus cápsulas (aunque las hay también recargables) pero el café sale muy bien, con su espuma justa. Por el precio que tiene es un chollo, pero claro el negocio esta en las cápsulas, como en su día pasaba con las impresoras",El-Genio,Revisado en España el 24 de septiembre de 2022
Sencilla y bonita,"4,0 de 5 estrellas","El uso es bastante sencillo, igual que su limpieza, pero el sabor, aunq depende de la cápsula elegida, tiende a un poco aguado si no quitas un poco antes el vaso o tácita, y en los cafés expresos le falta alcanzar temperatura y salen poco calientes.",Cliente Amazon,Revisado en España el 20 de noviembre de 2021
"Hace café, nada más","4,0 de 5 estrellas","Fácil de todo. La calidad de los materiales a ido a menos, tengo la primera tassimo y es mucho más resistente. El depósito de agua no queda bien sujeto, una pega en todas las del este modelo",Wenceslao,Revisado en España el 22 de junio de 2022
Muy buena,"4,0 de 5 estrellas","Me gusta su precio, el sabor del café que sale muy aromático, la variedad de sabores, la estética de la cafetera... Casi todo, pero no me gusta que no le puedas pulsar dos veces seguidas con la misma cápsulas si lo quieres menos fuerte.",anonimo,Revisado en España el 1 de marzo de 2022
Genial!!!,"5,0 de 5 estrellas","Estoy encantada con mi cafetera de color rosa. La única pega que le pongo es que las cápsulas no son compatible con ninguna marca blanca de ningún super... Y no son baratas que digamos, pero el café realmente sale muy rico y por el precio de la cafetera merece la pena",MARIA ISABEL CARRASCO FRAILE,Revisado en España el 10 de enero de 2023
Buen café,"4,0 de 5 estrellas","Fácil de usar, rapidez y de limpieza",REYES MARAVER PEREZ,Revisado en España el 19 de enero de 2023
"Cafetera buena y bien de precio, café de calidad,","4,0 de 5 estrellas","De momento la cafetera esta cumpliendo las expectativas, el diseño y la calidad del café cumple lo previsto. Espero recibir pronto las cápsulas contenedoras de silicona, evitaremos la compra de las cápsulas, y contaminar de plástico el medio ambiente.",Joaquin M.,Revisado en España el 9 de abril de 2022
E,"4,0 de 5 estrellas",De momento hace 1 mes que la tengo y va perfecta,Antonio55,Revisado en España el 15 de noviembre de 2022
Buen cafe aunque no es tan facil encontrar las cápsulas,"4,0 de 5 estrellas","Claro está que las puedes pedir por internet, en amazon hay varias, pero no todas. Y en ciertos supermercados no hay.
la cápsula L'Or Café Lungo Profondo es la que a mi entender es la más idónea en cuanto a calidad y cantidad de café.",Antonio,Revisado en España el 19 de enero de 2022
cumple su función,"4,0 de 5 estrellas","Se calienta bastante rápido y si el café que compras es bueno, sale muy rico. Por ejemplo, marcilla desayuno buenísimo.

Aunque hay que reconocer que la cafetera es bastante básica, pero por el precio que tiene está bien.",c4rd3ll,Revisado en España el 17 de marzo de 2022
Decepcionada,"1,0 de 5 estrellas","Al ser marca Bosch crei que la calidad de la cafetera seria buena
La compré hace 2 meses y no se cuantas capsulas he tirado porq no sale el café (además capsulas caras y la mitad a la basura), hay que limpiar bien los filtros y el interior del portacapsulas cada 2 o 3 cafes porq sino no reconoce las capsulas, (se obstruye demasiado en poquisimo tiempo) Apenas sale café, después de ver un tutorial en youtube (porq las instrucciones parecen un jeroglifico) aprendí que cuando sale el café si vuelves a apretar el botón sin dejar de presionar sale más café , pero aún así hay veces que lo presiono y no sale más, a veces sí , a veces no. Da demasiados problemas. No la recomiendo",Coco76,Revisado en España el 9 de agosto de 2021
No ha durado ni un año.,"1,0 de 5 estrellas","En 9 meses de poco uso ha dejado de funcionar. Salió el piloto de descalcificación y después de proceder a descalificarla siguiendo las instrucciones y con las pastillas recomendadas no funciona. El sistema es carísimo y al ser un lector de código falla mucho y no reconoce las cápsulas. No la recomiendo en absoluto, a pesar de que la estética es muy bonita.
Atención al cliente de Amazon estupenda.",Antonio Jose R.O.,Revisado en España el 21 de septiembre de 2022
Pesimo sabor del cafe,"1,0 de 5 estrellas","Como dice el titulo.La cafetera es muy bonita,pero el cafe sale aguado a mas no poder.Sin sabor ninguno y encima solo se pueden usar las capsulas originales de Tassimo.La opción que me da Amazon es repararla cuando lo unico que le pasa es que el cafe es malisimo.Asi que me sale mas a cuenta tirarla a la basura y comprar una en condiciones.Al final lo barato sale caro.",Dimas,Revisado en España el 3 de abril de 2022
Dejó de funcionar correctamente a los 4 meses,"1,0 de 5 estrellas","Compré esta cafetera en una oferta en Septiembre, al principio todo bien. Seguí correctamente las instrucciones, limpié la primera vez tal y cómo indicaba. En diciembre empezó a fallar y en Enero raro es el día que lo haga. Se enciende la luz pero al presionar el botón no hace nada. Desmonte, limpie todo tal y como indicaban las instrucciones, con mucho cuidado en el lector del código de barras. Aún así es desesperante.",maria,Revisado en España el 23 de enero de 2022
Maquina con defecto,"1,0 de 5 estrellas","La verdad que en un principio todo bien,he comprado cuatro cafeteras para distintas personas porque nos encantó,pero a los dos meses están estropeadas!!una ya ha ido para atrás y me han mandado otra nueva...ahora se estropea otra..no sé q me dirán...
Pero no voy a comprar en Amazon más productos eléctricos xq me da la sensación q mandan los q vienen defectuoso, tengo en reparación un aspirador cecotec q compré en enero ..loq no sea eléctrico muy bien...lo demás cero",carolina gordillo martins,Revisado en España el 15 de noviembre de 2021
No Calienta,"1,0 de 5 estrellas","Quiero pensar que fue mala suerte la mía.
Porque no sale caliente.
El café sale frío.
Intente buscarle la vuelta, leí todo el manual, seguí todos los pasos varias veces y no.
No calienta.
La dejé conectada y volví a intentarlo y NO.
El resultado fue el mismo.
No la recomiendo.",Alicia Perez,Revisado en España el 31 de diciembre de 2021
Hacer más sencillo,"1,0 de 5 estrellas",La devolví porque no podía funcionar bien necesitaba cápsulas especiales es una cafetera barata que vive de las cápsulas de su propia marca y luego tiene un río un rollo con el tema de quitar la cal al agua que lo dificulta mucho yo no la aconsejo para nada,José martinez,Revisado en España el 14 de abril de 2021
Me ha llegado con el embalaje golpeado,"1,0 de 5 estrellas","No puedo decir si es bueno porque me ha venido con el embalaje golpeado y cómo si fuese reacondicionado, lo he devuelto. Es una pena porque estaba esperando que me llegase para un regalo y ahora me quedo colgada… Voy a tener que comprar otra cosa corriendo. Las opiniones eran muy buenas, es una lástima.",Lara,Revisado en España el 19 de octubre de 2021
No funcionó,"1,0 de 5 estrellas","La cafetera no funcionó, hay algo que impide el paso del agua.",Hernández,Revisado en España el 9 de enero de 2023
Lo peor de lo peor,"1,0 de 5 estrellas","La máquina funcionó 2 meses. Luego, no reconoce las cápsulas y no se pone en marcha, he comprado pastillas de limpieza, todos los consejos de mantenimiento y junco funciona. Lo unico que hice es tirar unas 20 cápsulas nuevas porque la máquina las abre pero no se pone en marcha. Lo peor de lo peor, me he quedado con cientos de cápsulas sin usar.",PG,Revisado en España el 4 de enero de 2021
No sé dónde puedo enviar producto para su devolución,"1,0 de 5 estrellas",No encuentro donde puedo devolver este producto que no funciona,Cliente Amazon,Revisado en España el 5 de diciembre de 2022
En devolución,"1,0 de 5 estrellas",Gestionada devolución. No funciona. No es posible realizar ni la limpieza previa. Parece que no lee los códigos. Esperemos que la que nos vuelvan a enviar funcione,Cliente Amazon,Revisado en España el 24 de julio de 2022
"La compre en julio y ya no funciona,soenas la he usado","1,0 de 5 estrellas",No consigo hablar con atención al cliente para cer si está en garantía.la compré hace 7 neses y la he usado poco.,Teresa,Revisado en España el 7 de febrero de 2022
Es mejor invertir en una más cara que comprar esta,"1,0 de 5 estrellas","El sabor es bastante malo, todo agua",Valentina,Revisado en España el 17 de julio de 2022
Horrible!!!,"1,0 de 5 estrellas","Después de comprarla de nuevo. Esta cafetera ha vuelto a venir rota. Desde luego NO LA RECOMIENDO PARA NADA!!!
DINERO MAL GASTADO!!",Encarna L.,Revisado en España el 6 de octubre de 2021
No funciona y hace menos de 6 meses que la tengo,"1,0 de 5 estrellas",No tiene más de 6 meses y ya ha dejado de funcionar,Cliente Amazon,Revisado en España el 25 de enero de 2022
El precio de las capsulas ....,"1,0 de 5 estrellas",El café no está mal pero tampoco creo que valga lo cuesta. La cafetera va fenomenal pero no la usaré mucho ... despues de todo lo importante es lo que entra en la taza y en este caso lo cobran como de primera cuando no lo es.,Lagp,Revisado en España el 11 de diciembre de 2019
HACE MUCHISIMO RUIDO Y TARDA EN ECHAR EL CAFE,"1,0 de 5 estrellas","No me ha gustado nada, hace mucho ruido y tarda en echar el café, además de que las capsulas son super caras y creo que la mia esta defectuosa",Monica,Revisado en España el 8 de enero de 2021
Dondevesta la garantía?,"1,0 de 5 estrellas",No funciona después de 11 meses,Miguel,Revisado en España el 21 de enero de 2022
No recomendable,"1,0 de 5 estrellas",Está cafetera es una castaña. El sabor del café es malísimo y después de probar varios tipos distintos de café y marcas puedo decir que es el peor tipo de cafeteras que he probado. Además hace cosas muy raras como tirar mucho vapor al acabar de echar el café. No la recomiendo a nadie ni aunque salga barata,Eugenio,Revisado en España el 14 de abril de 2019
Lento funcionamiento,"1,0 de 5 estrellas","No me gustó nada de nada el funcionamiento, las cápsulas son de las más caras y no tiene marca blanca. El café sale demasiado lento",Cristina Serna oviedo,Revisado en España el 27 de febrero de 2021
Fallo motor de búsqueda Amazon,"1,0 de 5 estrellas",No es lo que esperaba. El motor de búsqueda de Amazon me ofreció esta cafetera con unas prestaciones que no eran las solicitadas. Pedí cafetera para cápsulas nespresso y me ofreció esta otra.,Ivan,Revisado en España el 22 de julio de 2020
Se me estropeó dos meses después,"1,0 de 5 estrellas",Dos meses después de comprarla empezó a fallar. No la recomiendo.,Jaime,Revisado en España el 27 de octubre de 2021
Fatal ..el café no es nada rico....,"1,0 de 5 estrellas","No me ha gustado
Porque cuesta encontrar el café que es compatible con esta cafetera...
Aparte el café no sabe sabroso",Marisa,Revisado en España el 24 de abril de 2020
No vale nada!,"1,0 de 5 estrellas","El café es malísimo, y estoy a la espera que vengan a recogerlo! Son muy lentos!! Llevo casi 3 semanas esperando...",jonatan m.,Revisado en España el 23 de abril de 2020
Poca durabilidad,"1,0 de 5 estrellas","Llevo menos de un año con ella y hace ya mínimo 3 meses cambiando cápsulas y no me sale el café ,parece como si aguja no pinchara la cápsula",Cliente Amazon,Revisado en España el 25 de septiembre de 2019
No la recomiendo,"1,0 de 5 estrellas",Yo la e utilizado dos veces y e ido a cogerla de nuevo no me funciona no se k le habra pasado si esta ostruida,Cliente Amazon,Revisado en España el 8 de diciembre de 2019
menuda chorrada de invento,"1,0 de 5 estrellas","como las cafeteras de verdad nada, te recomiendo el bar de toda la vida antes",marcos urdiain martinez,Revisado en España el 1 de julio de 2020
Café inservible,"1,0 de 5 estrellas",Café malísimo recuerda al café de hospital con esos posos blancos incluidos de la leche,Daniel algarate,Revisado en España el 15 de junio de 2021
Averiada,"1,0 de 5 estrellas",No hace ni siquiera un año y ya está rota. El agua se escapa por todos lados y no hace su función.,Marina,Revisado en España el 20 de enero de 2021
Mala no finciona,"1,0 de 5 estrellas",Para hacer café a cualquier es una porquería antes de los dos meses no reconoce las cápsulas y no funcions,Eugenio,Revisado en España el 15 de febrero de 2021
no va la maquina,"1,0 de 5 estrellas",la maquina no enciende,jonathan,Revisado en España el 8 de diciembre de 2021
No estoy contento,"1,0 de 5 estrellas","No estoy contento con el producto, pues no hay tanta variedad en cápsulas como la cafetera dulce gusto.",jose luis,Revisado en España el 1 de febrero de 2020
Nula compatibilidad con omarcas distintas a Tassimo,"1,0 de 5 estrellas","imposible usar otra marca diferente a la oficial. Calidad bastante cuestionable del producto obtenido, tanto café conmo cacao o te. Muy poco aconsejable. si lo consigo, la vendo.",Iru,Revisado en España el 25 de junio de 2019
Pesima,"1,0 de 5 estrellas",Aparte del que cafe sabe fatal va lentisima si lo se no la compro...me esta decepcionando AMAZON,Puri s.,Revisado en España el 26 de enero de 2020
No me gusta,"1,0 de 5 estrellas","No me gusta el funcionamiento, tarda mucho. Las cápsulas son distintas, tampoco me gustan, me equivoque al comprarla.",Crazybird,Revisado en España el 6 de enero de 2021
Sale Cara,"1,0 de 5 estrellas","Las cápsulas se venden originales,No venden marca blanca en ningún supermercado y la Caja cuesta 5e",Luka,Revisado en España el 19 de enero de 2021
No funcionó desde el principio,"1,0 de 5 estrellas",Se le sale el agua por abajo,María José,Revisado en España el 30 de junio de 2021
Muy bonita y eficaz y fácil de usar,"1,0 de 5 estrellas","Me ha gustado la versatilidad, el diseño, el poco peso. Y también el café con leche Marcilla que es el que uso normalmente.",Cristina Polo,Revisado en España el 17 de junio de 2019
No me gusta,"1,0 de 5 estrellas","La compré por la calidad de la marca Bosch, pero me ha defraudado lo más importante, el sabor del café",PacoHuesca,Revisado en España el 2 de agosto de 2019
No me a gustado,"1,0 de 5 estrellas","Tarda mucho en salir el café, no estoy contenta cn está compra",Roxib,Revisado en España el 24 de diciembre de 2020
Averiada,"1,0 de 5 estrellas","Se me acaba de averiar
Ha durado 2 años.
Malisssimo",andres cano contreras,Revisado en España el 24 de febrero de 2021
devolución y rembolso,"1,0 de 5 estrellas","No es el producto esperado, incompatible con cápsulas genéricas.",Ana Martinez Pozuelo,Revisado en España el 14 de marzo de 2021
no vale,"1,0 de 5 estrellas",no es lo q venden ..es para capsulas tasimo no para las nespreso,menbo,Revisado en España el 25 de noviembre de 2019
Pesima,"1,0 de 5 estrellas",El producto es pesiiiimoo,Lunal,Revisado en España el 17 de junio de 2020
Fatal,"1,0 de 5 estrellas",Una polqueria....... 😡,Leslian Rivera Vázquez,Revisado en España el 23 de junio de 2020
No funciona o yo no se hacerla funcionar,"1,0 de 5 estrellas",No funciona,Chari campos arjona,Revisado en España el 8 de julio de 2020
Calidad Café,"1,0 de 5 estrellas","El café no es muy bueno y son muuuyyyy cortos. Necesito 2 cápsulas para hacerme un café normal, siendo además, las cápsulas caras respecto a otros proveedores",olga villanueva,Revisado en España el 24 de enero de 2020
?,"1,0 de 5 estrellas",Tuve que devolverla por no especificar que tipo de capsulas usaban,Esther,Revisado en España el 19 de diciembre de 2020
La he usado poco y ya se ha estropeado.,"1,0 de 5 estrellas","Justo cuando se acaba el periodo de devolución, mi cafetera se ha roto y no funciona.",MCG,Revisado en España el 16 de junio de 2019
No funcionaba,"1,0 de 5 estrellas",No funcionaba y la devolvi,Fina,Revisado en España el 12 de febrero de 2020
No funcionaba.,"1,0 de 5 estrellas",No funcionaba la devolví.,Lolo,Revisado en España el 18 de febrero de 2020
"Para mí, el sabor","1,0 de 5 estrellas","Para café , el sabor no me gusta",Ines parra martin,Revisado en España el 30 de noviembre de 2020
Nada,"1,0 de 5 estrellas",Fácil de usar si sabes inglés. Me llegó paquete roto y enzima instrucciones inglés que error,Moni,Revisado en España el 31 de marzo de 2019
Fatal,"1,0 de 5 estrellas",No me a convencido para nada el embalaje roto el precinto abierto mal,rafael,Revisado en España el 20 de mayo de 2020
Muy bien,"1,0 de 5 estrellas",Me a gustado muy practica y encuentro café en todo los súper,Cliente Amazon,Revisado en España el 29 de mayo de 2019
"La devolví, sin ningún problema.","1,0 de 5 estrellas",No rompía bién las càpsulas de Tàssimo. Una decepciòn.,Rapitenca,Revisado en España el 23 de junio de 2019
Mal,"1,0 de 5 estrellas",No funcionaba,Jonathan Omar Brito,Revisado en España el 10 de diciembre de 2020
No hace buen café,"1,0 de 5 estrellas","Cómo la cafetera italiana, ninguna!",Enate8881,Revisado en España el 12 de septiembre de 2020
decepción total.,"1,0 de 5 estrellas",si quieres una cafetera mediocre con cafe malo esta es la tuya.,Ilargia,Revisado en España el 24 de enero de 2019
No trajo una pieza,"1,0 de 5 estrellas",No trajo el filtro,mariela,Revisado en España el 26 de diciembre de 2018
3 dias me ha durado.,"1,0 de 5 estrellas","Todo iba bien y al 3° dia meto un T-disc de Milka, pulso el botón y hace el ruido de siempre pero no sale nada mas que 4 gotitas. Espero hasta que se enfrie el aparato y la luz naranja se quede fija. Intento abrir el compartimento para sacar el T-disc y no puedo. Lo intento de mil maneras y nada. Apagandola, encendiendola y probando a darle al boton para ver si funciona y nada. La devuelvo a Amazon y evidentemente me comprare otra cafetera. Me tendre que comer los T-disc que compre y no use. Bravo!",Carlos,Revisado en España el 15 de julio de 2020
Un reembolso que nunca recibí,"1,0 de 5 estrellas",No funcionó desde el principio. La devolví y nunca recibí el reembolso,Estefanía,Revisado en España el 19 de diciembre de 2021
Me tocó hacer devolución,"1,0 de 5 estrellas","Fue para un regalo y me tocó devolverla
La mujer imposible hacerla funcionar correctamente
Igual estaba rota",conchi,Revisado en España el 15 de abril de 2021
Ha dejado de funcionar en días,"1,0 de 5 estrellas","Muy descontenta, con solo unos días de uso ha dejado de funcionar, sale una luz roja y no hace nada",6la,Revisado en España el 15 de noviembre de 2020
No funcionaba bien.,"1,0 de 5 estrellas",No funcionaba correctamente,Maria,Revisado en España el 15 de febrero de 2021
Mala Calidad,"1,0 de 5 estrellas",Me ha funcionado muy mal.,Noelia Rosas,Revisado en España el 8 de diciembre de 2019
Facil uso,"2,0 de 5 estrellas","Compré esta cafetera por cambiar de marca y después de meses de uso debo decir que no estoy contenta , el que funcione con cápsulas con código de barras es lo peor, en cada paquete hay que desechar varias porque no le da la gana leerlas y acaban en la basura. Siento no recomendarla, acabo de comprarme otra por no tener una pelea diaria con la m... de las cápsulas.",MPH,Revisado en España el 5 de febrero de 2022
"Cafetera normal, no saca mejor café que otra de este estilo","2,0 de 5 estrellas","Saca un café normal, nunca comparable con cafetera italiana y no mejor que cualquiera del mercado de capsulas barata, y lo peor las capsulas son cariiiiiiiisimas, antes de comprar cafetera os aconsejo mirar el precio que tienen las capsulas",Maria Jose,Revisado en España el 29 de septiembre de 2022
Rápida sin necesidad de espera para calentamiento,"2,0 de 5 estrellas","Me gusta que no necesita tiempo de espera para calentar, es fácil de limpiar y rápido. No me gusta que solo se puedan utilizar las cápsulas de la marca
Edito la reseña..
No ha llegado ni al año de la compra y la cafetera no funciona correctamente",Raquel,Revisado en España el 5 de julio de 2022
Instrucciones,"2,0 de 5 estrellas","Las instrucciones osn poco claras y de dificil interpretacion, solo con unos pocos dibujos que se pueden interpretar de diferentes maneras.",Jep CB,Revisado en España el 8 de diciembre de 2022
Gran error,"2,0 de 5 estrellas","La compré porque valía 30€ menos que la nespresso y ahora ya se porque... Estaba muy acostumbrada a la nespresso y esta la veo (en comparacion) mucho lío, que si el lector de códigos, la limpieza, calcificación... Y encima hace un ruido que no me gusta nada antes de salir el café, las cápsulas son bastante caras en comparacion a otras marcas,como se complican, la provaré un par de dias y si no me acaba la devuelvo",Laia,Revisado en España el 27 de enero de 2021
CAPSULAS ESPECIALES,"2,0 de 5 estrellas","la Cafetera me gusta y es de uso sencillo, pero la he valorado con dos estrellas porque de momento no he conseguido adquirir el café a través de su Web, no he podido realizar compra online ni aprovechar los descuentos. La página da unos problemas que atención al cliente no ha solucionado. Las cápsulas han de ser las indicadas, son más caras que las otras marcas.",mamen,Revisado en España el 16 de enero de 2021
Dulce gusto mucho mejor,"2,0 de 5 estrellas","No la recomiendo. Tiene tanta complicacion. El dulce gusto es mas sencilla. Mas rapida. Esta hay que darle al boton varias veces para que funcione.
A demas las cápsulas son caras. Prefiero la Dulce gusto",Kelk86,Revisado en España el 7 de septiembre de 2021
"Muy básica la cafetera, y el sabor y gusto siendo café de Marcilla deja mucho que desear a mi gusto","2,0 de 5 estrellas","Fácil de usar, fácil de instalar, fácil de todo, pero no más.
Sin opción alguna para alargar café, hacerlo corto, etc… y con poco gusto a Café Café",Francisco Alberto Ramírez Flores,Revisado en España el 25 de noviembre de 2021
Muy muy fea. Parece una cafetera de juguete grande,"2,0 de 5 estrellas",El rojo no es como el de la foto del producto. Es un rojo muy vivo que le da un aspecto bastante cutre. Se me ha quedado muy muy fea en la cocina. No la devuelvo por vergüenza. Porque es fea y estrambólica pero mucho,Joaquin,Revisado en España el 4 de diciembre de 2020
tamaño,"2,0 de 5 estrellas","hace mucho ruido, sale poco liquido (cafe) y las capsulas son caras",Cliente Amazon,Revisado en España el 2 de diciembre de 2021
Regular,"2,0 de 5 estrellas","A veces sale más café y otras casi nada ,sale muy caro",Angeles Cifuentes,Revisado en España el 15 de octubre de 2021
Tassimo,"2,0 de 5 estrellas",Que malo que solo se pueda con cápsulas tassimo.,maria trujillo,Revisado en España el 25 de junio de 2021
Está bien,"2,0 de 5 estrellas",Aún no la he usado es para un regalo pero la he probado en otras casas y saca buen café aroma,José luis,Revisado en España el 22 de diciembre de 2020
Poco recomendable.,"2,0 de 5 estrellas","Calidad baja. El acabado del café malísimo y las capsulas caras. No la recomiendo. No sirve ""ni pa estar escondia""",Francisco P.,Revisado en España el 15 de marzo de 2020
Es fácil de usas,"2,0 de 5 estrellas","Es fácil de usar,la compré de oferta y me salió bien de precio, aún así no volvería a comprar ,las cápsulas son muy caras, y sólo se pueden usar las de la marca.",Templanza,Revisado en España el 30 de mayo de 2020
Esperaba más cálidad,"2,0 de 5 estrellas",Yo esperaba más cálidas a pesar de ser una primera marca.,Juan Esteban,Revisado en España el 25 de julio de 2020
No se ve mal.,"2,0 de 5 estrellas","La cafetera me llego con un poco de orgura y le falta el T disco de limpieza,no se como ponerme en contacto con el vendedor para que me lo mande.",Ioana M.,Revisado en España el 4 de abril de 2019
No me gusta comprare algo mejor,"2,0 de 5 estrellas",Para la casa.no me llega a convercer este producto,Cliente Amazon,Revisado en España el 23 de julio de 2020
Se arranca y tarda,"2,0 de 5 estrellas",Se arranca alguna vez y tarda muchísimo,Silvia,Revisado en España el 4 de agosto de 2021
👎,"2,0 de 5 estrellas",Es muy lento el funcionamiento. Sobre todo a la hora de que el botón vaya a la primera...,Maite,Revisado en España el 25 de diciembre de 2019
Estafa,"2,0 de 5 estrellas","La cogí por capricho, y no la uso, uso la Nespresso que hace el café más Rico, y las cápsulas son más baratas, es un engaño",Isa,Revisado en España el 13 de julio de 2020
Decepción,"2,0 de 5 estrellas","No me convence. Las cápsulas no son baratas, en el supermercado hay lo que hay y lo peor es que el café está aguado. Pensé que sería mejor que la nesspreso pero me equivoqué.",Amazon Customer,Revisado en España el 20 de enero de 2020
No funciona,"2,0 de 5 estrellas",Lleva funcionando 2 semanas y ya se ha dañado,Carlos,Revisado en España el 22 de mayo de 2020
"Uf,que malo este café!!!!!","2,0 de 5 estrellas",Uf q café más malo puajjjj,Andrea,Revisado en España el 12 de febrero de 2021
OJO Sólo valen las cápsulas originales Tassimo. Tiene un lector de códigos,"2,0 de 5 estrellas","Es bastante barata, pero ojo, sólo vale para cápsulas originales Tassimo. No hay variedad en las compras.",Bicho Malo,Revisado en España el 16 de mayo de 2019
Mala,"2,0 de 5 estrellas","Demasiado complicada y no puedes hacer el café a tu gusto,",Ivan,Revisado en España el 18 de marzo de 2019
Tassi o,"2,0 de 5 estrellas",Bastante caras las cápsulas,Cliente Amazon,Revisado en España el 14 de abril de 2019
Lo barato sale caro...,"2,0 de 5 estrellas",La cafetera esta bien pero luego conseguir capsulas se hace complicado y excesivamente caro. Además que el café parece agua chirri. Yo creo que compensa más gastarse más dinero en otras cafeteras de otra marca antes que esta.,Elena,Revisado en España el 20 de julio de 2021
"Sencilla, bonita pero con un defecto: la altura para par las tazas","3,0 de 5 estrellas","Es bonita y sencilla. Los materiales son muy poco robustos, pero la hacen ligera.

Un defecto, o falta importante, es que no se puede regular la altura de la taza. Sólo hay dos alturas: la baja es muy baja y la alta muy alta. El modelo viejo tenía un sistema más inteligente que graduaba la altura. El depósito del ahora es enano",Diego,Revisado en España el 12 de mayo de 2022
Solo permite Tassimo,"3,0 de 5 estrellas","Aunque la máquina es fácil de usar y limpiar al solo permitir cápsulas de Tassimo te restringe, y el sabor de ese café no es para nada bueno así que eso prácticamente inutiliza la cafetera",Lina,Revisado en España el 21 de diciembre de 2022
"No está mal ,pero hace un poco de ruido","3,0 de 5 estrellas",Fácil de usar,andrea veronica,Revisado en España el 14 de marzo de 2023
Sale poca espuma,"3,0 de 5 estrellas","Para lo caros que son las cápsulas, el café sale normal, no sale espumoso, e decidido comprarme otra",Lorena,Revisado en España el 30 de diciembre de 2022
Deberia de ir mejor embalada,"3,0 de 5 estrellas","No llega con embalaje, en la misma caja de la cafetera pegan todas las etiquetas, venía bollada de un lateral por lo mismo.
Por el resto genial, una cafetera estupenda y una entrega rapida.",Joan737,Revisado en España el 3 de junio de 2022
Cafetera tassimo,"3,0 de 5 estrellas","Se me rompió la cafetera que tenía,que era tassimo también aunque bastante más cara
en su momento...
Compré está porque me gusta el café que hace y tenía muchas cápsulas y por el precio que tenía estaba bien.
El problema es que es bastante más ruidosa que la que tenía,aparte de algunos más detalles y que hay que llenarla cada 3 cafés...",Marina,Revisado en España el 19 de abril de 2021
Pequeña y con un diseño muy bonito,"3,0 de 5 estrellas","Nada más verla te entra por los ojos y te gusta, tiene un diseño muy bueno. Lo peor es que las capsulas de este modelo son más difícil de encontrar que las de Nescafé, y lo peor es que esta cafetera es tan automática que las capsulas van por código de barras, así que solo puedes usar las originales. Espero que mi comentario y mi experiencia con este producto te ayude en tu elección. un Saludo.",Comprador Anónimo,Revisado en España el 26 de agosto de 2020
"me encanta, pero con pero","3,0 de 5 estrellas","Es muy bonita y ocupa relativamente un espacio pequeño. La única pega, que aún no se como conseguir que haga un cafe corto o cafe largo o incluso cuando haces un capuchino, dar la medida correcta de capsula de cafe y capsula de leche. Es por pulsaciones en el único botón, pero el botón en foto tiene la pinta de esto que por sensibilidad funcionan y no es así, la pulsación es algo endeble o cutre, por eso creo que es por lo que no atino a que según necesidades,salga la cantidad que quiero de agua",E.T. S.l.,Revisado en España el 15 de julio de 2019
Es una cafetera que me gusta es fácil de usar . lamentablemente solo me duro un año,"3,0 de 5 estrellas",Fácil de usar,cecilia,Revisado en España el 1 de agosto de 2022
No puedes pedir más por ese precio.,"3,0 de 5 estrellas","Si no eres un loco del café está muy bien. Barata pequeña y fácil de usar.
Mete un ruido que te cagas eso también te lo digo.
No sé si es normal o es que la mía está defectuosa, eso si, el café no está mal si lo quieres para echarle Bailyes por encima.",Jaione,Revisado en España el 23 de enero de 2021
No me convence,"3,0 de 5 estrellas","La pega que le pongo es que no puedes elegir cuanto café echar, aprietas el botón para que salga y si quieres parar vuelves a apretar el botón pero sigue saliendo cafe con lo que gasta agua innecesariamente y también que no funciona si no tiene cápsulas o sea que si quieres agua caliente sola o la quieres lavar internamente para que limpie los orificios internos tienes que poner una cápsula de limpieza. Si eso no te importa los cafes son buenos y es muy fácil de usar",Ruben,Revisado en España el 6 de diciembre de 2019
Funcional,"3,0 de 5 estrellas",Fácil de usar,Cliente Amazon,Revisado en España el 30 de agosto de 2022
Calidad precio,"3,0 de 5 estrellas",Fué para hacer un regalo. Gustó mucho,Cliente Amazon,Revisado en España el 1 de mayo de 2022
Cumple,"3,0 de 5 estrellas","Cafetera básica que cumple lo que promete. Si no eres un sibarita del café y quieres una cafetera sencilla que simplemente ""funcione"" esta cumple con creces.",Fernando,Revisado en España el 10 de julio de 2021
Las capsulas no son compatibles con marcas blancas.,"3,0 de 5 estrellas","Pues eso, las capsulas no son compatibles con marcas blancas y eso es algo que me impide decidir que café (de calidad) puedo tomar.",bruno YA VES,Revisado en España el 24 de julio de 2021
Cafetera cumplidora,"3,0 de 5 estrellas",El precio es barato … pero a la larga es caro … simplemente por que solo puedes comprar cápsulas de su marca .,Mario placer serrano,Revisado en España el 27 de junio de 2021
Lego pronto.,"3,0 de 5 estrellas","No me ha gustado que eliminen el interuptor general del aparato, siempre esta conectado.",José Luis Salvador Lacosta,Revisado en España el 18 de septiembre de 2021
No me funciona se qyeda bloqueada,"3,0 de 5 estrellas",Cuando introduces la capsula y apretas el boton no realiza ningun cafe se queda como bloqueada y no funciona. Se podria saber porque???,Juan d.,Revisado en España el 18 de abril de 2021
No tiene cápsulas compatible absequible,"3,0 de 5 estrellas","Le falta una cápsulas más asequibles como todas las cafeteras, cuando la compre no me di cuenta de que no tenía cápsulas compatibles más baratas, y me compraré otra mejor",Cliente Amazon,Revisado en España el 13 de enero de 2021
Demasiado ruidosa,"3,0 de 5 estrellas",Hace muy buen café pero es muy ruidosa,Susana C.,Revisado en España el 26 de noviembre de 2021
Capsulas carisimas,"3,0 de 5 estrellas",La cafetera esta muy bien facil de usar fácil de limpiar y buen sabor el problema es el precio de las capsulas son carisimas,José a.,Revisado en España el 5 de febrero de 2021
"Fácil uso, estética chula,pero falta intensidad y variedad de cafés...","3,0 de 5 estrellas",Más variedad de cafés...,Pedro Antonio Martínez Jimenez,Revisado en España el 3 de diciembre de 2021
Cafetera con diseño,"3,0 de 5 estrellas","La cafetera tiene un modelo precioso, después de varios meses de de prueba el café sale a su justa presión. Lo peor la capsulas si no pinchas correctamente y vuelves a pinchar haces dos orificios y sale el café con zurrapita.",CRBix,Revisado en España el 1 de junio de 2020
Comprate otra,"3,0 de 5 estrellas",No me ha gustado nada. Ni la cafetera en sí ni el sabor del café. Las instrucciones que trae es como un sicotecnico. Poca capacidad del recipiente del agua. No la devuelvo porque está usada,jose,Revisado en España el 4 de julio de 2020
Funciona pero no del todo bien,"3,0 de 5 estrellas",El paquete parecía que había sido habierto. Me hace ruidos y no controlo la cantidad de agua que hecha la máquina según pulsas más o menos tiempo el botón como dicen las instrucciones. Respecto a otra que regale esta funciona peor. Respecto al cafe no está mal.,jose maria torres sierra,Revisado en España el 21 de agosto de 2019
No es gran cosa,"3,0 de 5 estrellas","Ni fu ni fa. Sabor del café un poco ""aguachirri"" y por lo general los discos son muy caros para lo que luego tienes en el vaso. Recomendada para cafés rápidos y grandes espectativas.",Sergio Ledesma Garcia,Revisado en España el 15 de mayo de 2020
Buena compra,"3,0 de 5 estrellas",La maquina me gusta mucho. El unico defecto que no hayan cápsulas compatibles.,angeles,Revisado en España el 23 de enero de 2021
El manual. No se entiende nada,"3,0 de 5 estrellas",El manual no tiene ni pies ni cabeza,Cristina,Revisado en España el 13 de abril de 2021
cuanto tiempo tiene GARANTIA,"3,0 de 5 estrellas","Buenas tardes mi opinion rd buena precio calidad . pero se rompio justo después de hacer 200 cafes

en dos meses cual serian los pasos a seguir para su Garantia.. Gracias,.",MITXEL,Revisado en España el 13 de mayo de 2020
Cafe...si però regulin.. productos con leche...mal.,"3,0 de 5 estrellas","Los cafés con leche, cortados y chocolate saben demasiado a máquina industrial.. como café, cuela, pero no sale hirviendo. Caliento la leche tradicionalmente y amado la cápsula de café..",JOAN BOTÓ,Revisado en España el 17 de febrero de 2020
"Está bien, poca variedad","3,0 de 5 estrellas","Está muy bien en relación al precio. La única pega es que hay muy poca variedad de productos para esta cafetera y no se pueden usar productos de marca blanca porque no existen compatibles. A la larga, lo barato sale caro.",Miriam,Revisado en España el 20 de enero de 2020
No funcionaba,"3,0 de 5 estrellas",Le pongo un 3 porque me llegó y no funcionaba . Pero creedme que es un gran descubrimiento recomiendo 100 tassimo . Tenía antes nesspreso,Laura,Revisado en España el 20 de julio de 2020
Cápsula cara y poca calidad,"3,0 de 5 estrellas",De momento la calidad es baja y la cápsula son cara,francesca cristina piazza,Revisado en España el 11 de diciembre de 2020
Buen café,"3,0 de 5 estrellas","Cafetera muy práctica y sencilla, buen sabor de café, y variedad para hacer diferentes bebidas (té, chocolate...). Nada mal en relación calidad-precio.",Carmen,Revisado en España el 25 de julio de 2020
Peor comparado con Nesspresso,"3,0 de 5 estrellas","Funciona correctamente, llego en tiempo y es bonita pero opino que es peor que nesspresso. Voy a ptrobar otras marca de cafe o tipos a ver si encuentro el idoneo",juan carlos,Revisado en España el 15 de noviembre de 2019
Cafe regular,"3,0 de 5 estrellas","El cafe no esta muy bueno.
Ademas las cápsulas no estan en muchos supermercados.",rosa ramos,Revisado en España el 20 de septiembre de 2020
Regular,"3,0 de 5 estrellas",Pensaba que sería mejor,Elisabeht,Revisado en España el 26 de diciembre de 2020
No es buena,"3,0 de 5 estrellas",No es de buena calidad. Al principio bien pero a los dos meses ha comenzado a tener fallos.,Marcos,Revisado en España el 4 de julio de 2020
Café frío,"3,0 de 5 estrellas","Hola, regale la cafetera a mi madre para Navidad, y me dice que el café no sale caliente. Ella está en Francia, se puede hacer algo?
Gracias",amandine,Revisado en España el 2 de enero de 2019
Preferiria otro modelo.,"3,0 de 5 estrellas","El sabor bastante normal, y si lo usas caliente sale un café inbebible hasta que se enfria un poco, no se puede regular nada",Araceli j.,Revisado en España el 15 de noviembre de 2019
Sevgin,"3,0 de 5 estrellas",Viene caro. Con este marca de capulas.,SEVGIN,Revisado en España el 22 de mayo de 2020
No se si la compraría otra vez,"3,0 de 5 estrellas",Un poco lenta. Le falta un boton de paro ya que no oara hasta completar su supuesto llenado,69lilian69,Revisado en España el 6 de enero de 2020
Ruidosa,"3,0 de 5 estrellas","Recambios muy caros, y un poco ruidosa",Javier Espinosa,Revisado en España el 9 de mayo de 2020
Relaccion calidad precio bien,"3,0 de 5 estrellas",Para el precio es una cafetera para hacerte un cafe al dia y ya....,Ignacio caamaño lira,Revisado en España el 14 de febrero de 2020
Fácil de usar,"3,0 de 5 estrellas","Sólo ha ido bien con una marca de café.
El precio de la cafetera caro.",Quima P.,Revisado en España el 13 de julio de 2019
Opinion,"3,0 de 5 estrellas",Es fácil de usar. Pero la parte donde se mete la cápsula es muy endeble y cuesta mucho a la rompa,Maria,Revisado en España el 14 de diciembre de 2018
El sabor,"3,0 de 5 estrellas",Lee el código de barras de cada variedad de café y sale justo el q es,Susana gaona rubio,Revisado en España el 15 de diciembre de 2019
Ruidosa,"3,0 de 5 estrellas",Ruidosa,Beg,Revisado en España el 27 de julio de 2020
Excelente,"3,0 de 5 estrellas","Para mi hogar , me resultaron muy prácticos",AliciaRueda,Revisado en España el 5 de diciembre de 2019
No gusto,"3,0 de 5 estrellas","Es un rosa feisimo, comp entre rosa y morado",Cliente Amazon,Revisado en España el 29 de diciembre de 2018
Cafetera,"3,0 de 5 estrellas",Funciona bien,maria,Revisado en España el 10 de julio de 2019
Como todas,"3,0 de 5 estrellas","La máquina es muy bonita por su diseño y lo que más me gusta es lo poco ruidosa que es. Tengo también una Dolce Gusto y parece un tractor. Hoy he probado las cápsulas Milka y pasa como con otras máquinas de similares características, es decir, las bebidas salen aguadas, con poco sabor.",JORGE,Revisado en España el 29 de noviembre de 2022
Misma Tassimo de antes con un diseño renovado,"3,0 de 5 estrellas","Compré mi primera cafetera de cápsulas hace más de seis años, de entre todos los modelos nos decidimos por una Tassimo, me gustaba la cafetera y el café que nos quedaba.
Al recibir esta me sorprendí al comprobar que, aunque el aspecto del aparato ha cambiado un poco, sigue siendo la misma cafetera.

En mi caso uso la cafetera tanto para mis cafés de media mañana como para mis infusiones de media tarde...

Este modelo cuesta menos de una tercera parte de lo que costaba el modelo anterior, pesa menos y es, estéticamente, más bonita, pero las cápsulas siguen siendo las mismas y cada vez cuestan más.",Namasté,Revisado en España el 14 de noviembre de 2018
Hay que usar capsulas originales,"3,0 de 5 estrellas","Lo bueno de esta maquina es que el café sale bastante bueno, yo personalmente prefiero las nespresso, pero esta la veo mas parecida a las dolce gusto.
El problema es que las capsulas son mas caras y sobre todo hay que usar las originales, no como las otras que puedes usar las que quieras y sale el café igual de bueno.
La verdad es que si pillas una oferta va muy bien, ocupa poco espacio, no hace casi ruido y es muy rapida en calentar el agua.",AivliS,Revisado en España el 27 de enero de 2019
Lentitud y las capsulas,"3,0 de 5 estrellas","La lentitud para realizar el cafe o la bebida es muy lenta y hacer el café varias veces darle al botón para que procese, y las cápsulas dicen que es taza tamaño xl y echa de café lo que una taza pequeña.
no me agrado",Akjb,Revisado en España el 3 de enero de 2020
"Super funcional, lástima que las cápsulas de café Tasimo sean mejorables","3,0 de 5 estrellas","La máquina en general está genial, es pequeña, bonita, fácil de rellenar con agua, de utilizar (un único botón), no tiene mecanismos complejos que puedan estropearse rápidamente... y es super barata.

Pero no vale de nada una máquina barata y funcional si el producto que acabas consumiendo es muy mejorable. Tras probar 4 tipos diferentes de cápsulas (café solo, café latte, milka, y té) todos ellos son muy mejorables. Los cafés son literalmente agua de café, todo super aguado, sin intensidad, incluso parando el dispensador antes de tiempo.. El latte, sabe como los peores cafés de máquina de hospitales y demás, ¡qué decepción! Mejoran añadiendo azúcar, pero la base de producto es cara y mala. Quizás la mejor opción sea los productos tipo cacao como las cápsulas de milka, que están bastante bien, o los tes, pero tampoco son mucho mejores que los que te puedes hacer con polvos y leche caliente. Y el precio de estas cápsulas es algo elevado ya que suelen venir la mitad de unidades al mismo precio.

A su favor, la máquina tiene programas para acabar con una buena capa de espuma por encima de la leche/café/batido (incluso si vuelves a pulsar el botón para que termine antes), lo que le da un toque especial al producto, frente a otras máquinas de la competencia que en este rango de precios son incapaces de generar la espuma. El sistema de código de barras en cada cápsula es muy original y permite que cada cápsula tenga su propio programa. Aunque a veces algunas cápsulas tienen programas muy extraños, y te puedes encontrar un café capuccino con menos espuma que un café de caramelo, porque la cápsula de leche no está programada para hacer la misma espuma.

Edito: una vez probadas más cápsulas de otras marcas y sabores, he de decir que el café con caramelo está muy bueno, y la cápsula de expresso, pese a ser extremadamente corto el café está muy buena. Al de cappuccino no ha quedado otra que añadirle azúcar, si no, es totalmente insulso.",Rubén,Revisado en España el 15 de noviembre de 2018
Agua,"3,0 de 5 estrellas",Compre un café largo quizá fue por eso pero solo sale agua manchada. Probaré con otro tipo de café a ver qué tal. Los chocolates ya los tengo pedidos.,erica,Revisado en España el 7 de diciembre de 2019
bonita pero no cumple su cometido,"3,0 de 5 estrellas","en verdad no me ha gustado mucho. es automática y hace los cafés cortísimos. además no salen muy calientes.
si la quieres usar para calentar agua para hacerte una infusión es una odisea, no sabes cuando te la va a echar.
no la volvería a comprar.",Cliente Amazon,Revisado en España el 11 de junio de 2019
Bien,"3,0 de 5 estrellas",Color muy bonito. A la hora de usarla es algo lioso si quieres usarla solo para calentar agua. Y el tamaño es algo grande. A la hora del cafe después de probar varias esta es la que más me ha gustado y mejor sabor le he sacado. Aparte de la variedad que esta marca tiene,Davinia,Revisado en España el 28 de septiembre de 2021
Muy compacta y fácil de usar,"4,0 de 5 estrellas",Por ponerle alguna pega tienes que esperar a que se apague sola. No tiene botón de apagado y encendido.,Graci MB,Revisado en España el 21 de septiembre de 2022
Buena cafetera,"4,0 de 5 estrellas","Buen precio y calidad, compra recomendada",Alberto Alcaraz Barcelona,Revisado en España el 19 de diciembre de 2022
Bosch Tassimo,"4,0 de 5 estrellas",Funciona muy bien y mejor cafe.Pero es la ultima vez que la compro porque vale 10€ mas que la ultima vez(y todas queman la punta de plastico donde sale el cafe),asier besga arruti,Revisado en España el 30 de mayo de 2022
Buen precio y buen café,"4,0 de 5 estrellas","Buena cafetera y facil de usar, pones la capsula le das al botón y listo la maquina lo hace todo sola,lee el código de la capsula y hace el café a la medida justa",Victor G.,Revisado en España el 18 de noviembre de 2021
Facil de usar,"4,0 de 5 estrellas",Bonito diseño y buena calidad/precio,pedro,Revisado en España el 6 de diciembre de 2022
BUENA cafetera.,"4,0 de 5 estrellas","La cafetera está muy bien, indica muy bien cuando es necesario rellenar el agua, descalcificar... el café que hace es buen café, no obstante, el motivo por el cual le pongo 4 estrellas es porque quizás la variedad que hay de cápsulas es algo reducida en comparación sobre todo con otros tipos. Por el resto es muy buena opción.",Saúl,Revisado en España el 8 de enero de 2021
Buena máquina,"4,0 de 5 estrellas","Está bien pero los cafés los hace un poco largos, lo que afecta al sabor.
Sin eso, todo lo demás perfecto.",Manu,Revisado en España el 12 de mayo de 2022
Muy funcional,"4,0 de 5 estrellas","Es una cafetera de muy fácil uso, pero el precio de las cápsulas y su envasado de plástico no me terminan de convencer.",Marta Laura,Revisado en España el 16 de febrero de 2022
Muy comoda y muchas opciones aparte Del tipico Cafe,"4,0 de 5 estrellas","No esperes ni el sabor de cafeteria, ni el sabor de tu cafetera convencional.
Es otro sabor, a mi me gusta, pero me gustan mas los anteriores. Pero la comodidad no tiene precio, ni entiende de sabores, metes la capsula por la mañana, te va a mea.... y cuando vuelves ya lo tienes calentito.
Aparte de cafe de mil tipos tiene la posibilidad de preparar infusiones , chocolates con leche,etc, que es un plus de esta marca",Rafa,Revisado en España el 5 de mayo de 2020
Bastante buena,"4,0 de 5 estrellas",Los productos para este tipo de maquina me parecen un poco carros a la hora de comprar,Razvan Ionut,Revisado en España el 11 de mayo de 2022
No está mal,"4,0 de 5 estrellas","El consumible, café es caro su relación calidad precio no merece comprar este sistema de café",JOSE LUIS,Revisado en España el 23 de mayo de 2022
Buen café poca variedad,"4,0 de 5 estrellas",Muy fácil de usar y buen café. El problema es que hay muy pocos sitios dónde comprar las cápsulas compatibles además de muy poca variedad,María José Ledesma,Revisado en España el 1 de enero de 2022
Buena cafetera.,"4,0 de 5 estrellas","Hace buen café. Resulta cómoda y limpia en la elaboración de los diferentes cafés disponibles. Es cierto que las cápsulas (o T-disc) son un poco más caras que otras marcas, pero la calidad lo compensa. Satisfecho de momento.

En cuanto a la entrega, MAL. Teniendo el servicio PRIME y estando anunciado que se recibía en una fecha, no cumplieron. Sin embargo cuando seguías el pedido aparecía como ""en reparto"". Hubiera estado bien un correo de disculpa por parte de AMAZON, porque la suscripción PRIME se supone para algo.",Manolo,Revisado en España el 15 de abril de 2019
"Está muy bien, pero cuando empieza a parpadear el led de la cal no sé cómo arreglarlo","4,0 de 5 estrellas","Y empezó a parpadear al par de meses de uso. La máquina va muy bien pero las cápsulas son caras, diga lo que diga D.",El Tito,Revisado en España el 29 de septiembre de 2021
Buen funcionamiento,"4,0 de 5 estrellas","Fue para un regalo y están contentos con ella, usa las cápsulas de tassimo, además dentro viene un descuento bastante bueno para comprarlas en su web.",xasial,Revisado en España el 28 de noviembre de 2021
Poco Eco-friendly pero de uso fácil,"4,0 de 5 estrellas",La cafetera si es fácil de usar . Lee los códigos de barras en cada cápsula y según ellos hecha más o menos de agua. Su limpieza es bastante fácil. Está bien pero no es nada eco friendly.,Solnce,Revisado en España el 17 de abril de 2021
Buen café,"4,0 de 5 estrellas","La he utilizado para café descafeinado y el café sale bueno, pero poca cantidad",Sonia,Revisado en España el 3 de abril de 2022
El t-disc hay que buscarlo bien!,"4,0 de 5 estrellas","Para quien busque una cafetera rapida, sencilla y barata, es una buena opcion, puede que las nespresso tengan mejor cafe, pero en esta hay muchas mas variedades y cafés mas largos. El t-disc de la limpieza viene medio escondido, hay que mirar bien en un lateral para encontrarlo.",Francisco A.,Revisado en España el 7 de diciembre de 2020
Bonita estética pero cara en capsulas y descafeinado no sale birm,"4,0 de 5 estrellas","Muy contenta con la estética. Pero descontenta con las capsulas. Los descafeinado no hay con leche. Y las capsulas me quedan casi enteras en la maquina, cosa que no ocurre con los milkas. Que si los vacia del todo. Son muy caras. He tenido que comprar otra de otra marca",Isa,Revisado en España el 14 de septiembre de 2020
Muy fácil de usar,"4,0 de 5 estrellas","Muy fácil de usar, el único problema que yo veo es qué siempre te obliga a tener agua en el depósito con lo que tienes que cambiar el fondo del depósito frecuentemente. Por lo demás encantada con ella.",Concha,Revisado en España el 29 de noviembre de 2020
Hay q saber si te gusta el café Tassimo antes de comprala,"4,0 de 5 estrellas",La máquina funciona muy bn el problema es q estos cafés son muy flojos bengo de usar máquinas nespresso y me a decepcionado un poco. Si te gusta el café largo americano está es tu maquina pero no para café espresso,Cliente Amazon,Revisado en España el 19 de octubre de 2020
Fácil de usar,"4,0 de 5 estrellas",Sabor bueno según marca el expreso si lo dejas salir es muy largo,Francisco,Revisado en España el 19 de noviembre de 2021
"buena cafetera, pero poca variedad","4,0 de 5 estrellas","La cafetera en si funciona muy bien, pero las capsulas de café no son la gran cosa, falta variedad.",No quiero dar mi nombre,Revisado en España el 25 de septiembre de 2021
gran calidad-precio,"4,0 de 5 estrellas","Ideal para el día a día por su gran calidad-precio, la volvería a comprar.",Cliente Amazon,Revisado en España el 20 de octubre de 2021
Calidad - precio,"4,0 de 5 estrellas",En relación al precio está bastante adecuado el producto,Judit,Revisado en España el 15 de febrero de 2022
muy buena calidad,"4,0 de 5 estrellas","Estoy muy contenta con esta cafetera los cafés, infusiones ,etc. Salen muy bueno y muy caliente es muy fácil de usar y de limpiar, también viene con un xec descuento de 20€ para las próximas compras registrando la cafetera en la casa.He tenido otra de otra marca y no tiene ni comparación ho recomiendo al 100%.",Rosa,Revisado en España el 19 de enero de 2020
Cafetera de cápsulas,"4,0 de 5 estrellas","La cafetera en sí está muy bien, color, diseño, fácil de usar. El único pero que le encuentro es que si la quieres para para que no salga más café, tarda un poco en reaccionar. Por lo demás está bien. Si no fuera por eso le daría un 5.",Joan F,Revisado en España el 3 de abril de 2020
Sencilla y esteticamente bonita,"4,0 de 5 estrellas","Me gusta la sencillez de la cafetera. El diseño, y lo rico que sabe el café.
Quizá podría ser más robusta. Tengo la versión anterior y lo es. Ahora parece que se ha bajado la calidad de los plásticos usados. Por el tacto. Aunque no afecta al funcionamiento, el cual es muy correcto",Jordi Duran Crescenti,Revisado en España el 10 de febrero de 2020
.maravillosa,"4,0 de 5 estrellas","Una máquina estupenda, lo único que las capsulas dan poca candida,aunque la máquina da la opción de alargar, pero se queda más aguado",Pepa,Revisado en España el 15 de junio de 2021
Super facil de usar,"4,0 de 5 estrellas","Es muy facil de usar, va un poco lenta, pero como es automatica, la dejas sola y cuando acaba se apaga sola",Francisco J.,Revisado en España el 8 de julio de 2021
fácil,"4,0 de 5 estrellas","al tener las cápsulas el codigo de barras con el tipo de café, no has de vigilar el volumen de agua en cada servicio, lo hace sola",Amazon Customer,Revisado en España el 19 de abril de 2021
Cafetera útil.,"4,0 de 5 estrellas","Hace un buen servicio, es ultimo, practica y de fácil manejo.",Rebeca,Revisado en España el 8 de octubre de 2021
Convincente,"4,0 de 5 estrellas","Es compacta,facil de usar, el sabor hay que acostumbrarse a el, yo vengo de una maquina de cafe molido con brazo y la de bosch parece un tanto artificial. En general,buena compra. La aconsejo",Rafa,Revisado en España el 19 de diciembre de 2020
Facil de usar.,"4,0 de 5 estrellas","Muy bonita cafetera, de momento va muy bién, y es facil de usar, muy contenta.",Cliente Amazon,Revisado en España el 27 de agosto de 2021
Pequeña y coqueta,"4,0 de 5 estrellas","Fácil de usar, buena calidad del café",Miguel,Revisado en España el 26 de septiembre de 2021
Muy chula!!!,"4,0 de 5 estrellas","Muy bonita, sólo es qué tengo una duda, el depósito de agua da el reflejo cómo sí estuviera partida, no sé sí es normal eso o no? Sí alguien más lo tiene.",M,Revisado en España el 5 de noviembre de 2020
Es recomendable tenerla,"4,0 de 5 estrellas",Funciona bien y el café de Tassimo es bastante bueno: recomendable para variar del Nespresso.,Cliente Amazon,Revisado en España el 30 de julio de 2021
Perfecta,"4,0 de 5 estrellas",Fácil y sabor muy bueno,Magdalena,Revisado en España el 4 de noviembre de 2021
Práctica,"4,0 de 5 estrellas","Me ha gustado el diseño, pero para mi uso tiene poca capacidad el depósito del agua.",Antonio Pitalúa Vázquez,Revisado en España el 7 de marzo de 2021
Podría ser muchísimo más práctica!,"4,0 de 5 estrellas",Podría ser muchísimo más fácil de usar!,HadriFive,Revisado en España el 13 de septiembre de 2021
INTERESANTE COMPRA.,"4,0 de 5 estrellas","Muy fácil de usar, practica y estéticamente muy bonita. El café está muy rico.
Recomendable",JOAQUIN,Revisado en España el 21 de febrero de 2021
Cálida precio está bien,"4,0 de 5 estrellas","Buen diseño, quizás un poco endeble, parece que no durará demasiado, he visto otras cafeteras similares mas compactas, el café bueno dependiendo de la marca, el depósito de agua muy pequeño y la válvula donde encaja la cápsula venía despegada",Jesus,Revisado en España el 25 de enero de 2020
El deposito del agua mas o menos son para 3 cafés largos xl,"4,0 de 5 estrellas",Ocupa poco espacio y los cafés están buenos y calientes,Toni,Revisado en España el 5 de agosto de 2021
Bien,"4,0 de 5 estrellas","Dolce gusto y nespresso, tiene mejor sabor.",manuel dolz vives,Revisado en España el 19 de septiembre de 2021
Buena!,"4,0 de 5 estrellas","Es cómodisima ! Y hace el café muy bueno, la única pega es que las cápsulas son bastante caras a diferencia de las otras marcas y no hay tantas variedades de cápsulas .",Samii,Revisado en España el 1 de mayo de 2020
"llego en la fecha y me encanta, pero...","4,0 de 5 estrellas","Es preciosa, rápida, automática y hace café rico sin hacer a penas ruido, pero el disco de filtro o de limpieza o como se llame no venía en la caja... No sé si debería haber venido en la misma o hay que comprarlo aparte. Por lo demás genial.",Ardnas83,Revisado en España el 22 de enero de 2020
Hace un café excelente,"4,0 de 5 estrellas","Ahora estoy encantada aunque hasta ayer no conseguí que funcionase ya que venía en mal estado
Pero trastear un poco y lo arregle",Manoli,Revisado en España el 20 de diciembre de 2020
No está mal para el precio que tiene.,"4,0 de 5 estrellas","No está nada mal el modelo Happy, para 2 personas sólo. Se echa de menos un botón de apagado/encendido para segurudad, que no tiene. Se tiene que poner el enchufe a la corriente para que esté encendida la Tassimo Happy.",Eva M.,Revisado en España el 11 de febrero de 2020
Satisfechos,"4,0 de 5 estrellas","Es fácil de usar, sale buen café.
Único problema que solo son compatibles las cápsulas de la propia marca, y no hay mucha variedad. Que no lo sabía cuándo las compre. pero por lo demás estamos contentos ella",Cliente Amazon,Revisado en España el 13 de enero de 2020
Fácil de usar,"4,0 de 5 estrellas",Calidad precio bien y lo mejos k el café esta mui bueno,Consuelo M.,Revisado en España el 26 de mayo de 2021
"Buena, bonita, barata","4,0 de 5 estrellas","Me a gustado mucho, facil de usar pero echo de menos un botón de encendido - apagado",maria jose Velazquez moreno,Revisado en España el 12 de febrero de 2021
Buena calidad/precio,"4,0 de 5 estrellas","Es una cafetera muy bonita ya gran precio. Ha sido un regalo para mi madre y le ha gustado mucho. Si te gustan las cafeteras de cápsulas multi bebidas, ésta a éste precio está genial.",Damaris Angulo,Revisado en España el 27 de diciembre de 2019
Cafetera correcta para uso diario,"4,0 de 5 estrellas","Es practica, la tengo en el trabajo para tomar un café y su uso correcto, quería algo pequeño y claro eso afecta a la hora de hacer cafés, el depósito solo dura para tres o cuatro, luego a llenar.
En genera café decente, fácil de usar.",Ricardo C,Revisado en España el 21 de marzo de 2019
Al colocar la capsula en la pieza gris no se cierra la cafetera,"4,0 de 5 estrellas","La cafetera es muy Bonita y manejable, pero no puedo introducir la monodosis y claro no he podido hacer ningún café, me podéis decir como se hace, es que hay una pieza gris que al meter la capsula no se cierra la máquina.gracias",nenina,Revisado en España el 14 de abril de 2019
Original,"4,0 de 5 estrellas",Es un regalo para mi mujer y la verdad que no está nada mal pero a mí personalmente me gusta más el café de toda la vida,Salva,Revisado en España el 16 de julio de 2020
cumple con todo lo que el vendedor dice.,"4,0 de 5 estrellas","Articulo con un diseño moderno y actual.
muy fácil de usar y el sabor es muy bueno.
recomendable",Daizon,Revisado en España el 13 de octubre de 2020
El poco espacio que ocupa,"4,0 de 5 estrellas",Lo fácil que es,pilar,Revisado en España el 24 de mayo de 2021
Buena relación calidad precio,"4,0 de 5 estrellas",Relacion calidad precio esta bien. Yo cogí un pack de maravilla largo para estrenarla y me parece un poco aguado. Puede ser por las cápsulas...,Alejandro,Revisado en España el 25 de febrero de 2020
Una buena compra,"5,0 de 5 estrellas",Esta máquina de café queda preciosa en la cocina....es pequeña y no ocupa mucho espacio...tiene buen sabor de café y estoy muy contenta con la compra...es fácil de usar & limpiar...gracias....lo recomiendo a todo el mundo,Paquita,Revisado en España el 2 de octubre de 2022
"Pequeña, práctica, rápida y bonita.","5,0 de 5 estrellas","Llevo ya más de un año con ella y estoy encantado, no me ha dado ningún problema. Es pequeña, por lo que ocupa poco sitio en la cocina. A pesar de su tamaño, el deposito tiene buena capacidad, a mi me dura bastante dias sin tener que rellenarlo. Hace el café rápido y no hay que estar pendiente para apagarla cuando haya acabado de echarlo, perfecta para prepararse el desayuno al levantarse dormido. La recomiendo.",Álvaro H.,Revisado en España el 5 de julio de 2021
Perfecta por su precio,"5,0 de 5 estrellas","Es una cafetera simple para cápsulas Tassimo. Uso este tipo de cápsulas todos los días. Cuando veo que las cafeteras se van gastando, hacen algún ruido raro, están muy sucias por la zona del surtidor, tienen encendido el led de descalcificar, etc miro si hay alguna oferta y la cambio por otra. Este ha sido el caso. No es la cafetera más moderna de Tassimo pero funciona perfectamente. Parece como de juguete pero el manejo es el mismo que el de una máquina robusta. El envase para el agua es quizás más pequeño que el de otras cafeteras pero así al menos no se queda el agua varios días en él.",MC,Revisado en España el 15 de julio de 2019
Fatal con los chocolates,"5,0 de 5 estrellas","La compre por la gran variedad de chocolates ya que otras cafeteras no tienen chocolates. Y, en el caso de el café va muy bien pero loschocolates no se salva uno. El sabor es aguachirri es como si estuvieras bebiendo agua con una gota de chocolate. No me importa que no sea espeso pero ea que además saben a agua. La cafetera en si, si que me gusta por su diseño y porque es muy cómoda de limpiar",Sonia Rodriguez,Revisado en España el 21 de marzo de 2021
Me encanta!!!,"5,0 de 5 estrellas","Me encanta la cafetera tassimo,compré está hace poco porque la anterior que tenía dejó de funcionar de repente,ya que tenía más de siete años,y no miré ninguna más que no fuese de esta marca.La gran variedad de cafés y lo rápida y buen sabor que deja en sus bebidas,hace que no elija otra.La recomiendo,es ligera,fácil de usar,de limpiar...la única pega que puedo ponerle en relación a la que ya tenía,es que el depósito de agua es mucho más pequeño,pero bueno,por lo demás perfecta,la recomiendo.",maria jose blanco,Revisado en España el 17 de diciembre de 2020
"Muy buen aparato, tampoco un sabor espectacular","5,0 de 5 estrellas","El aparto funciona perfectamente. Lo único malo a destacar es el tamaño del depósito de agua que no es muy grande, de todas formas, tampoco es enano, para un uso normal en el día a día está bastante bien.
Eso sí, el sabor del café que realiza esta máquina, como cualquier otra, es característico y es un sabor que o te gusta o lo odias, en mi caso no me disgusta, pero recomendaría probarlo antes de comprarla.",Alejandro,Revisado en España el 1 de marzo de 2021
Cafetera económica con buen café,"5,0 de 5 estrellas","Buena cafetera para el precio que tiene, el café tarda apenas nada en hacerse y la verdad que de sabor está bien. Las capsulas tienen un precio económico. Por poner alguna pega, el tanque de agua no es muy grande del todo.",Miguel Pedraza,Revisado en España el 13 de julio de 2022
Brutal...,"5,0 de 5 estrellas","Compres el tipo de café que compres te lo saca en su punto y como Dios manda, se calienta super rápido, se adapta automáticamente al tipo de bebida indicada en la cápsula (mediante un código) tú pones la taza le das al botón y listo, sea un cortado, un americano, un con leche y un largo etc.",Carbel,Revisado en España el 24 de octubre de 2021
Cafetera Bosch,"5,0 de 5 estrellas","Solo trae una medida d agua, hay q estar presionando el botón para q salga más cantidad y es bastante incómodo",Nani,Revisado en España el 19 de febrero de 2023
Fácil de usar,"5,0 de 5 estrellas","Buen precio y fácil usar, pero el café deja mucho que desear, sobre todo los expreso y solo. Tampoco se puede pedir mucho por el precio que tiene.",Vanesa,Revisado en España el 4 de diciembre de 2022
Sorprendida,"5,0 de 5 estrellas",Por el precio me pensaba otra cosa pero la verdad es que es muy fácil de usar y el café sale rico,Raquel,Revisado en España el 14 de febrero de 2023
la rapidez,"5,0 de 5 estrellas","Muy buen producto. Prepara el café en un minuto y tiene una gran variedad de cafés y otras bebidas.
La he tenido que pedir dos veces, ya que la primera llegó sin el disco naranja de limpieza, pero me gestionaron la devolución y la reposición en el mismo dia, así que muy contento con la compra.",Antonio Juan Romero Herreros,Revisado en España el 24 de septiembre de 2021
Buena cafetera,"5,0 de 5 estrellas","Se lo regalé a mi madre y fue todo un acierto. Es cómoda, fácil de usar y hace buen café, además al ser automática no es necesario estar al lado para evitar que se desborde el cafe.
Muy buena relación calidad precio",Cliente Amazon,Revisado en España el 12 de junio de 2022
Calidad precio buen,"5,0 de 5 estrellas",En relación calidad precio está bien! La variedad de cápsulas que tiene hacen que el café salga bueno y sale con espuma,Cliente Amazon,Revisado en España el 6 de febrero de 2023
. Un acierto.,"5,0 de 5 estrellas","Café de bar, muchas opciones de diferentes cápsulas de café y de otras bebidas, muy buen tamaño.",Eva,Revisado en España el 26 de enero de 2023
Un buen cafe,"5,0 de 5 estrellas","La verdad que está cafetera hace un buen café,fácil de usar pequeña y fácil de limpiar es una buena cafetera",javier,Revisado en España el 9 de enero de 2023
Bonita y buena cafetera,"5,0 de 5 estrellas","Hola, todavía no la he usado, pues un regalo de Navidad y quedan 2 semanas para abrir regalos. Creo que va a ser muy buena esta cafetera y también es muy Bonita.
Eso sí, el repartidor de lo más mal educado que he visto en mi vida. Grosero, impaciente y de una falta de profesionalidad que no tiene límites. Me gusta comprar online pero la experiencia con los repartidores me está haciendo cambiar de opinión.",Rosa,Revisado en España el 12 de diciembre de 2020
Me encanta,"5,0 de 5 estrellas",Me encanta no pesa nada y es súper fácil de abrir y cerrar me encanta y vamos que super fácil de usarr y no vean los capuchinos buenísimos,Luís César tocto Guerrero,Revisado en España el 20 de octubre de 2022
"al contrario que su hermana ROJA ,","5,0 de 5 estrellas","Este producto lo utilizo porque me gusta tomar un café en casa despues de comer, y con la otra ROJA , faltó
poco que saliese volando por la ventana , porque a la hora de hacer el café , casi siempre fallaba.",Francisco Molina,Revisado en España el 30 de marzo de 2022
Cafetera,"5,0 de 5 estrellas",Me gusta mucho el café de la cafetera,Estan muy bien las tasas ye gustan mucho,Revisado en España el 25 de mayo de 2023
Buena cafetera,"5,0 de 5 estrellas","Me ha gustado mucho la cafetera, lo que son capsulas de chocolate sale muy bueno. La única pega que le pondría es que no se puede utilizar capsulas de marca blanca a parte de eso es fácil de utilizar y muy sencilla. 5 estrellas.",sagrario Gavin,Revisado en España el 26 de mayo de 2022
Encantada con la compra!!,"5,0 de 5 estrellas","Muy sencilla de usar, y apenas se ensucia. Totalmente automática, la cafetera lee el código de barras de la cápsula y regula el tiempo; aunque puedes pedir un shot extra si quieres alargar un poco la cápsula. El soporte para tazas y vasos tiene dos alturas para que no salpique cuando sean vasos pequeños. Encantada con la compra!!",Norma,Revisado en España el 4 de agosto de 2021
Un café estupendo,"5,0 de 5 estrellas",Café muy rico fácil de limpiar estoy muy contenta con ella.,Monica,Revisado en España el 30 de marzo de 2023
"Bien por ahora, pero algunas cosas mejorables","5,0 de 5 estrellas","La compré a buen precio en oferta, tiene café de sabores que en otras cafeteras no he visto, no tiene marca blanca por lo que tienes que comprar los originales.
Es fácil de usar, y no hace falta esperar a que se caliente el agua, hace un poco de ruido cuando lee el código de la cápsula y al echar el café salpica bastante.
El deposito se llena enseguida de cal, hay que comprar producto para limpiarla, y quitar los accesorios para limpiar es fácil.",KIRA,Revisado en España el 5 de septiembre de 2020
Cafetera,"5,0 de 5 estrellas",Muy buena y hasta la fecha cumple perfectamente,Bpsberni,Revisado en España el 19 de abril de 2023
Muy bien,"5,0 de 5 estrellas",Hce un café muy caliente y bien,Tito,Revisado en España el 25 de marzo de 2023
Buen cafe,"5,0 de 5 estrellas","Es la segunda cafetera que tengo de Tassimo y este es más avanzado que el anterior. Saca menos ruido y hace buen café. No la tienes que apagar, es automático. No tarda mucho en hacer el café. Estaba de super oferta y la compré justo la anterior dejo de funcionar. Espero que dure muchos años.",Izaskun,Revisado en España el 4 de agosto de 2021
Que va de lujo,"5,0 de 5 estrellas",Lo que megusta que por precio calidad muy bien .lo que no pues la verdad nada que añadir ?,Ángel,Revisado en España el 10 de diciembre de 2022
cafetera bosch,"5,0 de 5 estrellas","Me ha sorprendido el sistema tassimo que me parece mejor que el nexpresso que he tendio hasta ahora. La cefetera esta muy bien, facil de usar y de limpiar. Estoy muy contento con la compra.",Luis de Pablos,Revisado en España el 8 de junio de 2022
"Es bonita,","5,0 de 5 estrellas","Fácil de limpiar, lo peor que no tiene marcas blancas y el hacer el café en ella sale a un precio bastante caro",inma,Revisado en España el 21 de diciembre de 2022
Tal como esperaba,"5,0 de 5 estrellas",La compré para sustituir otra de la misma marca y parecidas características,P. B.L.,Revisado en España el 16 de marzo de 2023
Buen café,"5,0 de 5 estrellas",No es la primera cafetera Tassimo que tengo. La verdad es que me da pena tirar tanto plástico con el uso de las cápsulas pero el café está muy bueno,LAURA,Revisado en España el 8 de julio de 2022
